0 0.287109 0.077799 0.024740 0.025391
0 0.439779 0.155599 0.024089 0.032552
0 0.345378 0.205729 0.031901 0.020833
0 0.465820 0.209310 0.027995 0.022786
0 0.143229 0.217122 0.018229 0.031901
0 0.616536 0.213542 0.029948 0.022135
0 0.393555 0.303711 0.030599 0.020182
0 0.259766 0.336263 0.015625 0.033203
0 0.547526 0.333984 0.022135 0.029948
0 0.397786 0.340820 0.029948 0.022786
0 0.183594 0.349935 0.024740 0.026693
0 0.454102 0.367513 0.024089 0.026693
0 0.034180 0.378906 0.021484 0.032552
0 0.343424 0.381510 0.030599 0.020833
0 0.218099 0.418620 0.020833 0.033854
0 0.154622 0.415039 0.031901 0.020182
0 0.058919 0.447917 0.018880 0.031250
0 0.303385 0.444336 0.026042 0.022786
0 0.090169 0.459635 0.018880 0.036458
0 0.253255 0.514974 0.019531 0.033854
0 0.093750 0.531250 0.026042 0.026042
0 0.152995 0.660156 0.026042 0.027344
