0 0.637370 0.138997 0.020833 0.029297
0 0.638672 0.183268 0.028646 0.024089
0 0.610352 0.240234 0.025391 0.026042
0 0.671549 0.245443 0.027995 0.024740
0 0.822266 0.262044 0.018229 0.033203
0 0.950195 0.275716 0.029297 0.026693
0 0.129883 0.335612 0.016276 0.030599
0 0.902344 0.385742 0.019531 0.034505
0 0.797526 0.423828 0.016927 0.032552
0 0.267904 0.440430 0.016276 0.030599
0 0.861328 0.451823 0.027344 0.022135
0 0.719076 0.535482 0.029297 0.021484
0 0.626302 0.689779 0.031250 0.021484
0 0.169596 0.696940 0.018880 0.033203
0 0.523112 0.707357 0.020182 0.031901
0 0.198893 0.714518 0.016276 0.031901
0 0.355143 0.707682 0.030599 0.019531
0 0.551432 0.717122 0.028646 0.021484
