0 0.929362 0.238607 0.027995 0.020182
0 0.024740 0.415690 0.029948 0.020182
0 0.199544 0.452474 0.020182 0.029948
0 0.174479 0.454427 0.028646 0.026042
0 0.908203 0.481120 0.024740 0.026042
0 0.567708 0.506185 0.024740 0.025391
0 0.838867 0.513672 0.020182 0.032552
0 0.027344 0.529297 0.031250 0.020833
0 0.634440 0.580729 0.016276 0.032552
0 0.138672 0.616862 0.018229 0.035807
0 0.384440 0.615885 0.016276 0.031250
0 0.155273 0.635417 0.017578 0.031250
0 0.406901 0.632161 0.027344 0.023438
0 0.725260 0.648438 0.026042 0.027344
0 0.764648 0.651042 0.027995 0.026042
0 0.618490 0.678711 0.026042 0.029297
0 0.273438 0.684896 0.014323 0.032552
0 0.576172 0.685547 0.027344 0.020833
0 0.486979 0.722982 0.031250 0.020182
0 0.506185 0.764648 0.030599 0.025391
0 0.432617 0.787435 0.029297 0.020182
0 0.614258 0.811198 0.029297 0.019531
