0 0.762370 0.138997 0.020833 0.029297
0 0.763672 0.183268 0.028646 0.024089
0 0.735352 0.240234 0.025391 0.026042
0 0.796549 0.245443 0.027995 0.024740
0 0.947266 0.262044 0.018229 0.033203
0 0.254883 0.335612 0.016276 0.030599
0 0.922526 0.423828 0.016927 0.032552
0 0.392904 0.440430 0.016276 0.030599
0 0.986328 0.451823 0.027344 0.022135
0 0.844076 0.535482 0.029297 0.021484
0 0.017253 0.600260 0.018880 0.036458
0 0.751302 0.689779 0.031250 0.021484
0 0.294596 0.696940 0.018880 0.033203
0 0.648112 0.707357 0.020182 0.031901
0 0.323893 0.714518 0.016276 0.031901
0 0.480143 0.707682 0.030599 0.019531
0 0.676432 0.717122 0.028646 0.021484
