0 0.199870 0.054036 0.026042 0.024740
0 0.163086 0.172852 0.033203 0.022786
0 0.354818 0.183268 0.020833 0.034505
0 0.485026 0.195964 0.027344 0.023438
0 0.557292 0.221029 0.023438 0.031901
0 0.521159 0.238932 0.021484 0.027344
0 0.597656 0.263021 0.024740 0.029948
0 0.373698 0.278320 0.019531 0.031901
0 0.797201 0.294596 0.027995 0.024089
0 0.506185 0.297201 0.024089 0.026693
0 0.008138 0.310872 0.016276 0.026693
0 0.380859 0.325195 0.016927 0.033203
0 0.472656 0.334635 0.015625 0.031250
0 0.509766 0.354818 0.028646 0.020833
0 0.022135 0.363932 0.016927 0.031250
0 0.459310 0.376628 0.025391 0.033203
0 0.487305 0.403646 0.018880 0.032552
0 0.360352 0.434896 0.020182 0.032552
0 0.541992 0.461914 0.018880 0.034505
0 0.747396 0.536133 0.024740 0.030599
0 0.810872 0.537435 0.024089 0.027995
0 0.525065 0.655924 0.029297 0.026693
0 0.571940 0.714844 0.031901 0.020833
0 0.638672 0.740885 0.018229 0.032552
