0 0.480469 0.029297 0.026042 0.032552
0 0.221680 0.171549 0.021484 0.029297
0 0.293294 0.188802 0.018880 0.032552
0 0.279297 0.223633 0.024740 0.026693
0 0.305339 0.243490 0.027344 0.029948
0 0.544596 0.276693 0.013672 0.036458
0 0.483724 0.304036 0.016927 0.026042
0 0.602214 0.353516 0.026042 0.028646
0 0.427409 0.403971 0.018880 0.035807
0 0.069987 0.414388 0.026693 0.025391
0 0.286784 0.433919 0.025391 0.026693
0 0.247070 0.499023 0.033203 0.022786
0 0.088542 0.645508 0.029948 0.022786
0 0.063151 0.668294 0.018229 0.034505
0 0.036784 0.696289 0.027995 0.020182
0 0.032227 0.750651 0.029297 0.020833
