0 0.659505 0.099284 0.018229 0.031901
0 0.834961 0.202799 0.026693 0.021484
0 0.635091 0.226888 0.030599 0.020182
0 0.348307 0.234701 0.020833 0.029297
0 0.884440 0.256510 0.018880 0.035156
0 0.588542 0.305664 0.024740 0.029297
0 0.750977 0.307617 0.021484 0.026693
0 0.865234 0.312500 0.016927 0.035156
0 0.833984 0.308594 0.029948 0.019531
0 0.466797 0.345378 0.029948 0.024089
0 0.294271 0.351562 0.020833 0.029948
0 0.954427 0.358073 0.032552 0.020833
0 0.309896 0.376302 0.018229 0.033854
0 0.399740 0.396484 0.024740 0.028646
0 0.448893 0.398763 0.020182 0.026693
0 0.083008 0.491862 0.029297 0.020182
0 0.067057 0.653320 0.018229 0.029297
