1 0.971354 0.210938 0.033854 0.023438
1 0.662760 0.262370 0.020833 0.032552
1 0.474609 0.283854 0.018229 0.028646
1 0.912109 0.303385 0.029948 0.024740
1 0.303385 0.405273 0.023438 0.031901
1 0.200521 0.453451 0.019531 0.033203
1 0.249349 0.469727 0.027344 0.020182
1 0.642578 0.472331 0.028646 0.025391
1 0.136393 0.476237 0.031901 0.021484
1 0.662760 0.488932 0.016927 0.035156
1 0.789388 0.501302 0.020182 0.037760
1 0.862630 0.518555 0.019531 0.034505
1 0.939779 0.564779 0.030599 0.024089
1 0.069987 0.578776 0.025391 0.028646
1 0.061523 0.661458 0.029297 0.024740
1 0.682031 0.488889 0.014062 0.027778
