0 0.417643 0.029948 0.016276 0.035156
0 0.690430 0.155924 0.022786 0.027995
0 0.423177 0.154297 0.027344 0.020833
0 0.438477 0.204427 0.020182 0.032552
0 0.415365 0.241536 0.028646 0.020833
0 0.579427 0.269857 0.020833 0.033203
0 0.760091 0.272135 0.018880 0.032552
0 0.613932 0.277344 0.028646 0.023438
0 0.687826 0.298828 0.020182 0.036458
0 0.481120 0.304362 0.023438 0.029297
0 0.660482 0.306315 0.018880 0.029297
0 0.697591 0.345378 0.026693 0.027995
0 0.369141 0.378255 0.026042 0.027344
0 0.437174 0.375977 0.029297 0.018880
0 0.707031 0.382487 0.028646 0.021484
0 0.782227 0.403320 0.033203 0.016276
0 0.849609 0.422852 0.020833 0.034505
0 0.828125 0.447266 0.027344 0.024740
0 0.924154 0.453776 0.016276 0.029948
0 0.523112 0.458984 0.029297 0.019531
0 0.397786 0.466797 0.026042 0.024740
0 0.269857 0.478516 0.021484 0.031250
0 0.918294 0.511393 0.021484 0.029297
0 0.265299 0.516602 0.030599 0.024089
0 0.680013 0.567383 0.020182 0.033203
0 0.712565 0.584635 0.027995 0.020833
0 0.818359 0.655599 0.029948 0.024740
0 0.449870 0.700195 0.018229 0.031901
