0 0.537109 0.077799 0.024740 0.025391
0 0.689779 0.155273 0.024089 0.031901
0 0.595378 0.205729 0.031901 0.020833
0 0.715820 0.209310 0.026693 0.022786
0 0.393229 0.217122 0.018229 0.031901
0 0.866536 0.213542 0.029948 0.022135
0 0.243490 0.291667 0.026042 0.023438
0 0.643555 0.303711 0.030599 0.020182
0 0.509766 0.336263 0.015625 0.033203
0 0.797526 0.333984 0.022135 0.029948
0 0.647786 0.340495 0.029948 0.022135
0 0.433594 0.350260 0.024740 0.026042
0 0.704102 0.367513 0.024089 0.026693
0 0.284505 0.378906 0.020833 0.032552
0 0.593099 0.381510 0.029948 0.020833
0 0.468099 0.418294 0.019531 0.033203
0 0.007812 0.419596 0.015625 0.033203
0 0.404622 0.415039 0.031901 0.020182
0 0.308919 0.447591 0.018880 0.030599
0 0.553385 0.444336 0.026042 0.022786
0 0.340169 0.459961 0.018880 0.035807
0 0.503255 0.514974 0.019531 0.033854
0 0.343750 0.531250 0.024740 0.026042
0 0.402995 0.660156 0.026042 0.027344
