0 0.421875 0.398112 0.024740 0.024089
0 0.944987 0.414388 0.026693 0.025391
0 0.622721 0.441081 0.018880 0.031901
0 0.458659 0.502604 0.026693 0.026042
0 0.133789 0.502930 0.034505 0.018880
0 0.558594 0.527669 0.020833 0.027995
0 0.555664 0.574219 0.026693 0.022135
0 0.963542 0.645508 0.029948 0.022786
0 0.719727 0.649740 0.027995 0.019531
0 0.938151 0.668294 0.018229 0.034505
0 0.559570 0.671549 0.018880 0.035807
0 0.911784 0.696289 0.027995 0.020182
0 0.359375 0.736328 0.020833 0.032552
0 0.416016 0.752279 0.028646 0.029297
0 0.907227 0.750651 0.029297 0.020833
