1 0.252279 0.081380 0.022786 0.026042
1 0.054688 0.233724 0.029948 0.027344
1 0.154948 0.252279 0.018229 0.033203
1 0.913737 0.263997 0.030599 0.022786
1 0.737630 0.270182 0.028646 0.018229
1 0.575521 0.278320 0.028646 0.018880
1 0.481445 0.296224 0.020182 0.032552
1 0.895833 0.325521 0.022135 0.035156
1 0.071289 0.401367 0.029297 0.022786
1 0.650391 0.408529 0.032552 0.021484
1 0.010417 0.426107 0.020833 0.029297
1 0.714518 0.436523 0.026693 0.022786
1 0.527995 0.511393 0.029948 0.024089
1 0.297526 0.521159 0.026042 0.026693
1 0.369792 0.533529 0.029948 0.021484
