0 0.462565 0.186523 0.031901 0.018880
0 0.165365 0.225586 0.022135 0.027995
0 0.841797 0.284831 0.022135 0.027995
0 0.542643 0.313802 0.030599 0.023438
0 0.042318 0.321289 0.019531 0.034505
0 0.396159 0.368815 0.021484 0.033203
0 0.110677 0.374674 0.024740 0.029297
0 0.325521 0.408203 0.028646 0.022135
0 0.324870 0.437174 0.027344 0.020182
0 0.625326 0.438477 0.033203 0.022786
0 0.275716 0.457031 0.026693 0.026042
0 0.281250 0.488607 0.026042 0.027995
0 0.269206 0.506836 0.029297 0.026693
0 0.385091 0.553385 0.024089 0.026042
0 0.180990 0.551107 0.029948 0.018880
0 0.052409 0.570964 0.017578 0.032552
0 0.430339 0.609701 0.029948 0.022786
0 0.234701 0.625326 0.031901 0.018880
0 0.210286 0.651367 0.022135 0.033203
0 0.234049 0.651693 0.017578 0.029948
0 0.038086 0.662435 0.016276 0.031901
