0 0.085612 0.312826 0.016276 0.033203
0 0.149740 0.415690 0.029948 0.020182
0 0.324544 0.452474 0.020182 0.029948
0 0.073893 0.458659 0.018880 0.034505
0 0.299479 0.454427 0.028646 0.026042
0 0.692708 0.506185 0.024740 0.025391
0 0.963867 0.513672 0.020182 0.032552
0 0.152344 0.529297 0.031250 0.020833
0 0.759440 0.580729 0.016276 0.032552
0 0.263672 0.616862 0.018229 0.035807
0 0.509440 0.615885 0.016276 0.031250
0 0.280273 0.635417 0.017578 0.031250
0 0.531901 0.632161 0.027344 0.023438
0 0.850260 0.648438 0.026042 0.027344
0 0.889648 0.651042 0.027995 0.026042
0 0.743490 0.678711 0.026042 0.029297
0 0.398438 0.684896 0.014323 0.032552
0 0.701172 0.685547 0.027344 0.020833
0 0.611979 0.722982 0.031250 0.020182
0 0.631185 0.764648 0.030599 0.025391
0 0.557617 0.787435 0.029297 0.020182
0 0.739258 0.811198 0.029297 0.019531
