0 0.726562 0.166341 0.016927 0.033203
0 0.701497 0.231771 0.018880 0.027344
0 0.554362 0.238607 0.027995 0.020182
0 0.801107 0.254883 0.029297 0.027995
0 0.939779 0.320964 0.027995 0.026042
0 0.798828 0.322266 0.029948 0.020833
0 0.869792 0.331380 0.026042 0.022135
0 0.803060 0.389648 0.021484 0.027995
0 0.703776 0.403320 0.020833 0.034505
0 0.709961 0.434896 0.024089 0.027344
0 0.533203 0.481120 0.024740 0.026042
0 0.192708 0.506185 0.024740 0.025391
0 0.463867 0.513672 0.020182 0.032552
0 0.763997 0.562500 0.020182 0.032552
0 0.259440 0.580729 0.016276 0.032552
0 0.009440 0.615885 0.016276 0.031250
0 0.031901 0.632161 0.027344 0.023438
0 0.350260 0.648438 0.026042 0.027344
0 0.389648 0.651042 0.027995 0.026042
0 0.243490 0.678711 0.026042 0.029297
0 0.201172 0.685547 0.027344 0.020833
0 0.111979 0.722982 0.031250 0.020182
0 0.131185 0.764648 0.030599 0.025391
0 0.057617 0.787435 0.029297 0.020182
0 0.239258 0.811198 0.029297 0.019531
