0 0.848307 0.234701 0.020833 0.029297
0 0.059896 0.301758 0.027344 0.027995
0 0.966797 0.345378 0.029948 0.024089
0 0.794271 0.351562 0.020833 0.029948
0 0.809896 0.376302 0.018229 0.033854
0 0.899740 0.396484 0.024740 0.028646
0 0.948893 0.398763 0.020182 0.026693
0 0.477865 0.422852 0.022135 0.031901
0 0.211589 0.466471 0.024740 0.026693
0 0.583008 0.491862 0.029297 0.020182
0 0.396159 0.525716 0.018880 0.031901
0 0.239909 0.597982 0.018880 0.031901
0 0.388346 0.636393 0.033203 0.022786
0 0.567057 0.653320 0.018229 0.029297
0 0.358398 0.664062 0.029297 0.022135
0 0.318685 0.685872 0.017578 0.033203
0 0.018880 0.732096 0.023438 0.026693
0 0.253906 0.862956 0.035156 0.021484
