0 0.973307 0.234701 0.020833 0.029297
0 0.184896 0.301758 0.027344 0.027995
0 0.919271 0.351562 0.020833 0.029948
0 0.934896 0.376302 0.018229 0.033854
0 0.602865 0.422852 0.022135 0.031901
0 0.336589 0.466471 0.024740 0.026693
0 0.708008 0.491862 0.029297 0.020182
0 0.521159 0.525716 0.018880 0.031901
0 0.364909 0.597982 0.018880 0.031901
0 0.513346 0.636393 0.033203 0.022786
0 0.692057 0.653320 0.018229 0.029297
0 0.483398 0.664062 0.029297 0.022135
0 0.443685 0.685872 0.017578 0.033203
0 0.143880 0.732096 0.023438 0.026693
0 0.378906 0.862956 0.035156 0.021484
