0 0.467448 0.218099 0.024740 0.022135
0 0.583333 0.349935 0.027344 0.020182
0 0.500977 0.416016 0.017578 0.027344
0 0.521484 0.456706 0.023438 0.025391
0 0.183268 0.527344 0.025391 0.022135
0 0.554036 0.576823 0.020833 0.028646
0 0.718750 0.588867 0.027344 0.025391
0 0.386719 0.638346 0.020833 0.030599
0 0.666016 0.655924 0.015625 0.034505
0 0.374349 0.667643 0.029948 0.026693
0 0.617839 0.665690 0.029948 0.020182
0 0.071289 0.718750 0.021484 0.031250
0 0.379883 0.723307 0.022786 0.028646
0 0.350586 0.741862 0.030599 0.022786
0 0.358073 0.769531 0.031250 0.022135
0 0.343424 0.792318 0.026693 0.024740
0 0.598307 0.798828 0.016927 0.035156
0 0.306315 0.826823 0.030599 0.023438
0 0.204753 0.832031 0.022786 0.028646
0 0.290039 0.846029 0.026693 0.027995
0 0.065755 0.902995 0.024740 0.032552
