0 0.243164 0.133464 0.026693 0.023438
0 0.836263 0.207357 0.020182 0.033203
0 0.743164 0.274089 0.017578 0.037760
0 0.435547 0.389974 0.016927 0.031250
0 0.409831 0.402344 0.022786 0.035156
0 0.313151 0.445312 0.027344 0.023438
0 0.527669 0.448568 0.027995 0.019531
0 0.647135 0.459961 0.024740 0.026693
0 0.284180 0.466146 0.018880 0.032552
0 0.157552 0.530924 0.023438 0.024089
0 0.402669 0.539062 0.018880 0.032552
0 0.138997 0.629883 0.018880 0.033203
0 0.577799 0.667318 0.018880 0.032552
0 0.187174 0.765951 0.026693 0.021484
0 0.202474 0.820638 0.024740 0.027995
0 0.385742 0.827474 0.014974 0.031250
