0 0.110026 0.195964 0.027344 0.023438
0 0.182292 0.221029 0.023438 0.031901
0 0.146159 0.238932 0.021484 0.027344
0 0.222656 0.263021 0.024740 0.029948
0 0.422201 0.294596 0.027995 0.024089
0 0.131185 0.297201 0.024089 0.026693
0 0.007161 0.325195 0.014323 0.033203
0 0.097656 0.334635 0.015625 0.031250
0 0.134766 0.354818 0.028646 0.020833
0 0.084310 0.376628 0.025391 0.033203
0 0.112305 0.403646 0.018880 0.032552
0 0.166992 0.461914 0.018880 0.034505
0 0.372396 0.536133 0.024740 0.030599
0 0.435872 0.537435 0.024089 0.027995
0 0.150065 0.655924 0.029297 0.026693
0 0.196940 0.714844 0.031901 0.020833
0 0.263672 0.740885 0.018229 0.032552
