1 0.295247 0.064128 0.022786 0.026693
1 0.096680 0.069336 0.025391 0.022786
1 0.600260 0.130534 0.019531 0.034505
1 0.104492 0.212565 0.022786 0.030599
1 0.898438 0.250000 0.027344 0.029948
1 0.422526 0.247070 0.029948 0.021484
1 0.195638 0.252279 0.029297 0.021484
1 0.450521 0.260417 0.029948 0.018229
1 0.840495 0.290365 0.027344 0.022135
1 0.256510 0.296224 0.026042 0.026042
1 0.028971 0.302083 0.022786 0.024740
1 0.382812 0.336263 0.024740 0.033203
1 0.980469 0.379883 0.019531 0.034505
1 0.252930 0.477539 0.029297 0.026693
