1 0.502279 0.081380 0.022786 0.026042
1 0.304688 0.233724 0.029948 0.027344
1 0.253581 0.249349 0.022786 0.031250
1 0.404948 0.252279 0.018229 0.033203
1 0.986654 0.270182 0.026693 0.018229
1 0.825521 0.278320 0.028646 0.018880
1 0.731445 0.296224 0.020182 0.032552
1 0.321289 0.401367 0.029297 0.022786
1 0.900391 0.408529 0.032552 0.021484
1 0.260417 0.426107 0.020833 0.029297
1 0.964518 0.436523 0.026693 0.022786
1 0.777995 0.511393 0.029948 0.024089
1 0.547526 0.521159 0.026042 0.026693
1 0.619792 0.533529 0.029948 0.021484
