0 0.517578 0.295247 0.023438 0.022786
0 0.211589 0.307292 0.019531 0.036458
0 0.491536 0.328451 0.027344 0.022786
0 0.205729 0.337565 0.024740 0.026693
0 0.055664 0.357096 0.030599 0.022786
0 0.423828 0.383138 0.018229 0.030599
0 0.336263 0.378581 0.029297 0.018880
0 0.367839 0.406576 0.027344 0.021484
0 0.073568 0.431315 0.020833 0.029297
0 0.337240 0.430013 0.031250 0.026693
0 0.104818 0.439453 0.031250 0.023438
0 0.201497 0.444661 0.026693 0.022135
0 0.303711 0.448893 0.026693 0.024089
0 0.236328 0.451823 0.026042 0.022135
0 0.368815 0.467448 0.018880 0.037760
0 0.479492 0.468099 0.017578 0.032552
0 0.487305 0.509440 0.021484 0.031901
0 0.517253 0.519857 0.029297 0.029297
0 0.009766 0.552083 0.019531 0.033854
0 0.152995 0.586263 0.026042 0.029297
0 0.311198 0.603841 0.015625 0.031901
0 0.064779 0.672201 0.029297 0.022786
0 0.118490 0.697917 0.018229 0.032552
