0 0.543620 0.060872 0.018229 0.033203
0 0.981120 0.134766 0.029948 0.016927
0 0.772461 0.151367 0.016276 0.031901
0 0.886393 0.209961 0.014974 0.027995
0 0.955729 0.245117 0.029948 0.020182
0 0.936198 0.271484 0.024740 0.028646
0 0.510417 0.334310 0.031250 0.021484
0 0.291016 0.410807 0.019531 0.032552
0 0.823242 0.404948 0.030599 0.019531
0 0.675781 0.420898 0.027344 0.025391
0 0.483398 0.454427 0.024089 0.028646
0 0.432617 0.532878 0.020182 0.031901
0 0.726237 0.530924 0.026693 0.024089
0 0.207682 0.555013 0.022135 0.031901
0 0.326172 0.602539 0.027344 0.025391
0 0.591146 0.622396 0.014323 0.035156
0 0.088542 0.634766 0.026042 0.024740
0 0.332357 0.637370 0.026693 0.027344
0 0.195964 0.677734 0.027344 0.016927
0 0.115885 0.751302 0.024740 0.033854
