0 0.128581 0.131836 0.026693 0.022786
0 0.224935 0.269531 0.029297 0.023438
0 0.307943 0.269531 0.031250 0.020833
0 0.219076 0.291992 0.030599 0.026693
0 0.153971 0.302409 0.026693 0.022786
0 0.169271 0.321940 0.019531 0.029297
0 0.595703 0.329427 0.028646 0.029948
0 0.633464 0.362305 0.022135 0.027995
0 0.322591 0.417318 0.017578 0.035156
0 0.652018 0.422201 0.021484 0.031901
0 0.895833 0.453451 0.016927 0.031901
0 0.867839 0.455729 0.016927 0.032552
0 0.835612 0.472982 0.026693 0.026693
0 0.721354 0.475586 0.024740 0.026693
0 0.968750 0.494792 0.028646 0.020833
0 0.708008 0.509440 0.026693 0.027995
0 0.468750 0.516927 0.019531 0.031250
0 0.790690 0.522786 0.017578 0.032552
0 0.561523 0.527669 0.020182 0.031901
0 0.702799 0.555990 0.018880 0.035156
0 0.924479 0.580404 0.016927 0.033203
0 0.720378 0.590169 0.027995 0.018880
0 0.846680 0.594076 0.025391 0.024089
0 0.820638 0.631185 0.030599 0.022786
0 0.312500 0.655273 0.027344 0.022786
0 0.448242 0.719401 0.026693 0.019531
0 0.638672 0.804362 0.026042 0.024089
