0 0.343424 0.238281 0.031901 0.023438
0 0.170247 0.302734 0.030599 0.019531
0 0.172852 0.335938 0.020182 0.031250
0 0.868164 0.332357 0.030599 0.021484
0 0.139323 0.386719 0.018229 0.031250
0 0.930013 0.428060 0.026693 0.029297
0 0.879232 0.450521 0.021484 0.033854
0 0.930664 0.454427 0.027995 0.018229
0 0.407227 0.464193 0.026693 0.027344
0 0.273112 0.562500 0.017578 0.029948
0 0.526367 0.557943 0.029297 0.022135
0 0.248698 0.579427 0.019531 0.033854
0 0.475911 0.607096 0.027344 0.025391
0 0.580078 0.644206 0.019531 0.034505
0 0.879883 0.641602 0.027995 0.024089
0 0.277018 0.677083 0.029297 0.023438
0 0.552083 0.685872 0.020833 0.034505
0 0.980469 0.761393 0.022135 0.030599
