0 0.361328 0.288086 0.019531 0.031901
0 0.800130 0.290039 0.019531 0.030599
0 0.811198 0.312826 0.026042 0.024089
0 0.785807 0.323568 0.016927 0.029948
0 0.702148 0.329427 0.030599 0.026042
0 0.807292 0.350911 0.024740 0.026042
0 0.776693 0.359701 0.027344 0.022786
0 0.683919 0.363281 0.029297 0.019531
0 0.715169 0.366211 0.030599 0.021484
0 0.727539 0.386393 0.030599 0.020182
0 0.749674 0.408529 0.018880 0.030599
0 0.721029 0.418945 0.020182 0.033203
0 0.501302 0.455404 0.018229 0.033203
0 0.644206 0.467122 0.030599 0.020182
0 0.707357 0.470378 0.030599 0.021484
0 0.490234 0.565430 0.018229 0.037109
0 0.876953 0.652669 0.031250 0.018880
0 0.331055 0.705729 0.030599 0.018229
