0 0.351562 0.166341 0.016927 0.033203
0 0.326497 0.231771 0.018880 0.027344
0 0.179362 0.238607 0.027995 0.020182
0 0.426107 0.254883 0.029297 0.027995
0 0.564779 0.320964 0.027995 0.026042
0 0.423828 0.322266 0.029948 0.020833
0 0.494792 0.331380 0.026042 0.022135
0 0.428060 0.389648 0.021484 0.027995
0 0.328776 0.403320 0.020833 0.034505
0 0.334961 0.434896 0.024089 0.027344
0 0.158203 0.481120 0.024740 0.026042
0 0.088867 0.513672 0.020182 0.032552
0 0.388997 0.562500 0.020182 0.032552
0 0.014648 0.651042 0.027995 0.026042
