0 0.458659 0.225911 0.025391 0.028646
0 0.900716 0.306966 0.021484 0.034505
0 0.598958 0.389648 0.031250 0.033203
0 0.192057 0.416016 0.019531 0.035156
0 0.871094 0.421549 0.027344 0.024089
0 0.336263 0.427083 0.024089 0.027344
0 0.171875 0.449544 0.028646 0.022786
0 0.450195 0.471680 0.029297 0.017578
0 0.885091 0.495443 0.030599 0.019531
0 0.600260 0.504557 0.016927 0.031250
0 0.577474 0.511719 0.023438 0.028646
0 0.580729 0.541667 0.033854 0.022135
0 0.849284 0.549479 0.029297 0.020833
0 0.638997 0.585938 0.027995 0.024740
0 0.982422 0.599935 0.024740 0.029297
0 0.379232 0.651367 0.024089 0.022786
0 0.438151 0.692383 0.026042 0.027995
0 0.730794 0.742513 0.030599 0.018880
0 0.633464 0.750977 0.027344 0.031901
