1 0.339193 0.167643 0.022135 0.026693
1 0.713542 0.179036 0.018229 0.036458
1 0.198242 0.198568 0.027995 0.026042
1 0.029622 0.264974 0.029297 0.027344
1 0.197591 0.276367 0.022786 0.029297
1 0.980143 0.368490 0.029297 0.022135
1 0.525065 0.398438 0.021484 0.032552
1 0.110026 0.438477 0.019531 0.037109
1 0.845052 0.444661 0.027344 0.024740
1 0.723307 0.480143 0.027344 0.024089
1 0.050781 0.487630 0.028646 0.016927
1 0.081055 0.497721 0.026693 0.021484
1 0.450521 0.525065 0.016927 0.029297
1 0.625326 0.527344 0.025391 0.026042
