1 0.559245 0.221354 0.028646 0.026042
1 0.898438 0.273763 0.018229 0.033203
1 0.662760 0.321615 0.028646 0.020833
1 0.166016 0.338867 0.033854 0.022786
1 0.933919 0.366862 0.022786 0.038411
1 0.965169 0.386719 0.017578 0.026042
1 0.612630 0.415039 0.024740 0.020182
1 0.189128 0.431966 0.027995 0.018880
1 0.949544 0.442057 0.027995 0.022135
1 0.362305 0.454102 0.021484 0.034505
1 0.530924 0.461589 0.017578 0.033854
1 0.971680 0.506185 0.018880 0.034505
1 0.421224 0.530273 0.015625 0.035807
1 0.233398 0.539062 0.021484 0.033854
1 0.144206 0.547852 0.029297 0.029297
1 0.965169 0.563151 0.021484 0.029948
