0 0.493164 0.133464 0.026693 0.023438
0 0.992188 0.274089 0.015625 0.037760
0 0.685547 0.389974 0.016927 0.031250
0 0.659831 0.402344 0.022786 0.035156
0 0.563151 0.445312 0.027344 0.023438
0 0.777669 0.448568 0.027995 0.019531
0 0.897135 0.459961 0.024740 0.026693
0 0.534180 0.466146 0.018880 0.032552
0 0.407552 0.530924 0.023438 0.024089
0 0.652669 0.539062 0.018880 0.032552
0 0.388997 0.629883 0.018880 0.033203
0 0.827799 0.667318 0.018880 0.032552
0 0.437174 0.765951 0.026693 0.021484
0 0.452474 0.820638 0.024740 0.027995
0 0.635742 0.827474 0.014974 0.031250
