0 0.300130 0.290039 0.019531 0.030599
0 0.311198 0.312826 0.026042 0.024089
0 0.285807 0.323568 0.016927 0.029948
0 0.202148 0.329427 0.030599 0.026042
0 0.307292 0.350911 0.024740 0.026042
0 0.276693 0.359701 0.027344 0.022786
0 0.183919 0.363281 0.029297 0.019531
0 0.215169 0.366211 0.030599 0.021484
0 0.227539 0.386393 0.030599 0.020182
0 0.249674 0.408529 0.018880 0.030599
0 0.221029 0.418945 0.020182 0.033203
0 0.144206 0.467122 0.030599 0.020182
0 0.207357 0.470378 0.030599 0.021484
0 0.376953 0.652669 0.031250 0.018880
