0 0.699544 0.293945 0.029297 0.020182
0 0.304036 0.309570 0.023438 0.027995
0 0.440430 0.350260 0.021484 0.028646
0 0.566732 0.421875 0.027995 0.031250
0 0.328125 0.436198 0.028646 0.022135
0 0.040039 0.465169 0.024089 0.030599
0 0.026042 0.477539 0.022135 0.029297
0 0.293620 0.483073 0.020833 0.035156
0 0.339844 0.493490 0.027344 0.023438
0 0.262695 0.506510 0.021484 0.029948
0 0.382487 0.507487 0.030599 0.022786
0 0.068034 0.520508 0.029297 0.021484
0 0.202148 0.524414 0.024089 0.027995
0 0.103190 0.561849 0.027995 0.023438
0 0.143555 0.621419 0.026693 0.025391
0 0.068685 0.627604 0.016276 0.031250
0 0.126953 0.646159 0.029948 0.024089
0 0.029948 0.705404 0.028646 0.025391
