0 0.358073 0.112305 0.026042 0.024089
0 0.371094 0.183594 0.031250 0.019531
0 0.491211 0.217448 0.025391 0.023438
0 0.469076 0.240560 0.025391 0.027995
0 0.023438 0.275065 0.016927 0.035807
0 0.373047 0.291016 0.022135 0.028646
0 0.779948 0.323568 0.020833 0.027344
0 0.234375 0.328776 0.031250 0.022135
0 0.562826 0.343099 0.024089 0.029948
0 0.600586 0.369792 0.020182 0.031250
0 0.805339 0.390625 0.026042 0.024740
0 0.454753 0.390951 0.025391 0.020182
0 0.303060 0.391602 0.033203 0.020182
0 0.148438 0.412109 0.014323 0.032552
0 0.405599 0.408854 0.029948 0.018229
0 0.345703 0.419596 0.018229 0.024089
0 0.402344 0.435547 0.019531 0.031250
0 0.458333 0.464844 0.020833 0.031250
0 0.561849 0.464844 0.018229 0.031250
0 0.368815 0.496094 0.027995 0.019531
0 0.272786 0.622721 0.031250 0.024089
