0 0.924479 0.266602 0.024740 0.026693
0 0.975260 0.276367 0.026042 0.025391
0 0.446615 0.274414 0.031250 0.018880
0 0.624674 0.310872 0.025391 0.029297
0 0.470378 0.316081 0.018880 0.033203
0 0.954427 0.327148 0.024740 0.026693
0 0.973307 0.346029 0.022135 0.029297
0 0.691406 0.381185 0.024740 0.026693
0 0.747070 0.425456 0.018880 0.033203
0 0.817057 0.431966 0.027344 0.024089
0 0.976237 0.454427 0.017578 0.032552
0 0.762370 0.487956 0.023438 0.025391
0 0.876628 0.509440 0.018880 0.030599
0 0.811849 0.531901 0.019531 0.027344
0 0.756510 0.543945 0.016927 0.033203
0 0.509440 0.587891 0.025391 0.029948
0 0.639323 0.636393 0.026042 0.022786
0 0.508789 0.649414 0.029297 0.020182
0 0.402344 0.668294 0.022135 0.030599
0 0.544271 0.666992 0.029948 0.026693
0 0.348958 0.684896 0.018229 0.031250
0 0.280599 0.692708 0.018229 0.027344
0 0.398438 0.714193 0.027344 0.027344
0 0.134115 0.725260 0.019531 0.032552
0 0.500000 0.739583 0.023438 0.028646
