0 0.104818 0.183268 0.020833 0.034505
0 0.235026 0.195964 0.027344 0.023438
0 0.307292 0.221029 0.023438 0.031901
0 0.271159 0.238932 0.021484 0.027344
0 0.347656 0.263021 0.024740 0.029948
0 0.123698 0.278320 0.019531 0.031901
0 0.547201 0.294596 0.027995 0.024089
0 0.256185 0.297201 0.024089 0.026693
0 0.130859 0.325195 0.016927 0.033203
0 0.222656 0.334635 0.015625 0.031250
0 0.259766 0.354818 0.028646 0.020833
0 0.209310 0.376628 0.025391 0.033203
0 0.237305 0.403646 0.018880 0.032552
0 0.110352 0.434896 0.020182 0.032552
0 0.291992 0.461914 0.018880 0.034505
0 0.497396 0.536133 0.024740 0.030599
0 0.560872 0.537435 0.024089 0.027995
0 0.275065 0.655924 0.029297 0.026693
0 0.321940 0.714844 0.031901 0.020833
0 0.388672 0.740885 0.018229 0.032552
