0 0.093424 0.238281 0.031901 0.023438
0 0.897135 0.297852 0.023438 0.026693
0 0.618164 0.332357 0.030599 0.021484
0 0.859375 0.405273 0.019531 0.033203
0 0.680013 0.428060 0.026693 0.029297
0 0.629232 0.450521 0.021484 0.033854
0 0.680664 0.454427 0.027995 0.018229
0 0.157227 0.464193 0.026693 0.027344
0 0.938802 0.465820 0.026042 0.026693
0 0.969727 0.503906 0.020182 0.035156
0 0.846029 0.509440 0.018880 0.035807
0 0.023112 0.562500 0.017578 0.029948
0 0.276367 0.557943 0.029297 0.022135
0 0.874023 0.592448 0.026693 0.024740
0 0.225911 0.607096 0.027344 0.025391
0 0.330078 0.644206 0.019531 0.034505
0 0.629883 0.641602 0.027995 0.024089
0 0.027018 0.677083 0.029297 0.023438
0 0.302083 0.685872 0.020833 0.034505
0 0.730469 0.761393 0.022135 0.030599
