0 0.337891 0.213216 0.019531 0.030599
0 0.462240 0.261393 0.018229 0.031901
0 0.262695 0.260742 0.018880 0.029297
0 0.174479 0.266602 0.024740 0.026693
0 0.311849 0.270833 0.031250 0.020833
0 0.225260 0.276367 0.026042 0.025391
0 0.262370 0.294922 0.023438 0.031250
0 0.482747 0.292643 0.034505 0.018880
0 0.204427 0.327148 0.024740 0.026693
0 0.223307 0.346029 0.022135 0.029297
0 0.261393 0.378906 0.031901 0.020833
0 0.067057 0.431966 0.027344 0.024089
0 0.226237 0.454427 0.017578 0.032552
0 0.012370 0.487956 0.023438 0.025391
0 0.270508 0.491862 0.029297 0.018880
0 0.126628 0.509440 0.018880 0.030599
0 0.061849 0.531901 0.019531 0.027344
0 0.007487 0.543945 0.014974 0.033203
