0 0.401693 0.269206 0.018229 0.034505
0 0.680664 0.281576 0.025391 0.029297
0 0.753255 0.300781 0.029948 0.019531
0 0.592773 0.305013 0.025391 0.025391
0 0.699870 0.320312 0.023438 0.028646
0 0.572917 0.330729 0.028646 0.019531
0 0.747721 0.351237 0.030599 0.017578
0 0.234049 0.383464 0.025391 0.026042
0 0.538737 0.403320 0.026693 0.026693
0 0.441732 0.410807 0.018880 0.033854
0 0.765951 0.416992 0.026693 0.027995
0 0.145833 0.421224 0.018229 0.032552
0 0.722331 0.432943 0.021484 0.031250
0 0.526042 0.432292 0.028646 0.026042
0 0.648112 0.443359 0.025391 0.027344
0 0.324870 0.444336 0.031250 0.018880
0 0.539062 0.451497 0.026042 0.027995
0 0.251302 0.470703 0.020833 0.031250
0 0.339518 0.491211 0.031901 0.020182
0 0.500651 0.498372 0.028646 0.022786
0 0.460938 0.521810 0.032552 0.022786
0 0.045247 0.562174 0.024089 0.025391
0 0.098633 0.609049 0.027995 0.026693
0 0.017253 0.630208 0.029297 0.020833
0 0.015299 0.654948 0.030599 0.020833
