0 0.915365 0.225260 0.022135 0.027344
0 0.310547 0.263346 0.029948 0.017578
0 0.792318 0.321615 0.019531 0.033854
0 0.860677 0.374674 0.024740 0.029297
0 0.696940 0.495443 0.016276 0.032552
0 0.930990 0.551107 0.029948 0.018880
0 0.802409 0.570964 0.017578 0.032552
0 0.641927 0.589193 0.023438 0.026042
0 0.739583 0.616862 0.018229 0.030599
0 0.407878 0.621094 0.029297 0.018229
0 0.984375 0.625651 0.031250 0.018229
0 0.960286 0.651367 0.022135 0.033203
0 0.984049 0.651367 0.017578 0.029297
0 0.787760 0.662760 0.015625 0.031250
0 0.503255 0.755208 0.019531 0.033854
0 0.511719 0.887695 0.028646 0.020182
