0 0.505859 0.138672 0.018229 0.032552
0 0.483724 0.143555 0.018229 0.031901
0 0.945638 0.143229 0.027995 0.018229
0 0.544271 0.206706 0.024740 0.026693
0 0.658203 0.202474 0.029948 0.019531
0 0.789714 0.220703 0.023438 0.027344
0 0.765951 0.258789 0.033203 0.021484
0 0.652018 0.274089 0.026693 0.023438
0 0.694010 0.289388 0.028646 0.018880
0 0.753906 0.319336 0.024740 0.026693
0 0.632487 0.336263 0.021484 0.033203
0 0.840820 0.333008 0.027995 0.027995
0 0.597005 0.361003 0.020833 0.029297
0 0.321615 0.381836 0.029948 0.020182
0 0.775716 0.528320 0.021484 0.027995
