0 0.210612 0.313151 0.016276 0.032552
0 0.274740 0.415690 0.029948 0.020182
0 0.449544 0.452474 0.020182 0.029948
0 0.198568 0.458659 0.018229 0.034505
0 0.424479 0.454427 0.028646 0.026042
0 0.817708 0.506185 0.024740 0.025391
0 0.277344 0.529297 0.031250 0.020833
0 0.884440 0.580729 0.016276 0.032552
0 0.388672 0.616862 0.018229 0.035807
0 0.634440 0.615885 0.016276 0.031250
0 0.405599 0.635417 0.016927 0.031250
0 0.656901 0.632161 0.027344 0.023438
0 0.975260 0.648763 0.026042 0.026693
0 0.868490 0.678385 0.026042 0.028646
0 0.523438 0.684896 0.014323 0.032552
0 0.826172 0.685547 0.027344 0.020833
0 0.736979 0.722982 0.031250 0.020182
0 0.755859 0.764648 0.029948 0.025391
0 0.682617 0.787435 0.029297 0.020182
0 0.864258 0.811198 0.029297 0.019531
