0 0.368164 0.133464 0.026693 0.023438
0 0.961263 0.207357 0.020182 0.033203
0 0.868164 0.274089 0.017578 0.037760
0 0.560547 0.389974 0.016927 0.031250
0 0.534831 0.402344 0.022786 0.035156
0 0.438151 0.445312 0.027344 0.023438
0 0.652669 0.448568 0.027995 0.019531
0 0.772135 0.459961 0.024740 0.026693
0 0.409180 0.466146 0.018880 0.032552
0 0.282552 0.530924 0.023438 0.024089
0 0.527669 0.539062 0.018880 0.032552
0 0.263997 0.629883 0.018880 0.033203
0 0.702799 0.667318 0.018880 0.032552
0 0.312174 0.765951 0.026693 0.021484
0 0.327474 0.820638 0.024740 0.027995
0 0.510742 0.827474 0.014974 0.031250
