0 0.909505 0.099284 0.018229 0.031901
0 0.885091 0.226888 0.030599 0.020182
0 0.598307 0.234701 0.020833 0.029297
0 0.838542 0.305664 0.024740 0.029297
0 0.716797 0.345378 0.029948 0.024089
0 0.544271 0.351562 0.020833 0.029948
0 0.559896 0.376302 0.018229 0.033854
0 0.649740 0.396484 0.024740 0.028646
0 0.698893 0.398763 0.020182 0.026693
0 0.227865 0.422852 0.022135 0.031901
0 0.333008 0.491862 0.029297 0.020182
0 0.146159 0.525716 0.018880 0.031901
0 0.138346 0.636393 0.033203 0.022786
0 0.317057 0.653320 0.018229 0.029297
0 0.108398 0.664062 0.029297 0.022135
0 0.068685 0.685872 0.017578 0.033203
0 0.010742 0.862956 0.021484 0.021484
