0 0.928385 0.205078 0.018229 0.032552
0 0.840820 0.277995 0.030599 0.020833
0 0.743490 0.298503 0.022135 0.029297
0 0.838216 0.303060 0.027995 0.021484
0 0.872396 0.305664 0.018229 0.027995
0 0.423828 0.322266 0.018229 0.031250
0 0.399740 0.319010 0.027344 0.023438
0 0.839193 0.338542 0.019531 0.035156
0 0.862630 0.347331 0.020833 0.033203
0 0.664714 0.349609 0.023438 0.024740
0 0.779297 0.361654 0.022135 0.033203
0 0.699544 0.373047 0.027995 0.027344
0 0.199544 0.382161 0.017578 0.032552
0 0.758789 0.381836 0.017578 0.031901
0 0.482747 0.391927 0.027995 0.018229
0 0.783854 0.400716 0.031250 0.017578
0 0.811198 0.413737 0.026042 0.026693
0 0.676758 0.417969 0.029297 0.027344
0 0.578776 0.447266 0.023438 0.024740
0 0.284180 0.470052 0.022786 0.032552
0 0.419596 0.475260 0.017578 0.032552
0 0.393229 0.489909 0.023438 0.027995
0 0.637695 0.505859 0.024089 0.026042
0 0.534180 0.520182 0.018880 0.032552
0 0.687174 0.513672 0.030599 0.018229
0 0.635742 0.538411 0.020182 0.032552
0 0.396484 0.534180 0.031250 0.021484
0 0.614909 0.556641 0.030599 0.018229
0 0.626628 0.587240 0.021484 0.029948
