0 0.503581 0.131836 0.026693 0.022786
0 0.087565 0.264974 0.024089 0.031250
0 0.599935 0.269531 0.029297 0.023438
0 0.682943 0.269531 0.031250 0.020833
0 0.594076 0.291992 0.030599 0.026693
0 0.528971 0.302409 0.026693 0.022786
0 0.544271 0.321940 0.019531 0.029297
0 0.970703 0.329427 0.028646 0.029948
0 0.697591 0.417318 0.017578 0.035156
0 0.285156 0.439128 0.031250 0.018880
0 0.843750 0.516927 0.019531 0.031250
0 0.936523 0.527669 0.020182 0.031901
0 0.687500 0.655273 0.027344 0.022786
0 0.823242 0.719401 0.026693 0.019531
