0 0.712240 0.186198 0.031250 0.018229
0 0.415365 0.225260 0.022135 0.027344
0 0.792643 0.313802 0.030599 0.023438
0 0.292318 0.321615 0.019531 0.033854
0 0.646484 0.368815 0.020833 0.033203
0 0.360677 0.374674 0.024740 0.029297
0 0.575521 0.408203 0.028646 0.022135
0 0.574870 0.437500 0.027344 0.019531
0 0.875326 0.438477 0.033203 0.022786
0 0.525716 0.457031 0.026693 0.026042
0 0.531250 0.488281 0.026042 0.027344
0 0.196940 0.495443 0.016276 0.032552
0 0.519206 0.506836 0.029297 0.026693
0 0.635091 0.553385 0.024089 0.026042
0 0.430990 0.551107 0.029948 0.018880
0 0.302409 0.570964 0.017578 0.032552
0 0.141927 0.589193 0.023438 0.026042
0 0.680339 0.609701 0.029948 0.022786
0 0.239583 0.616862 0.018229 0.030599
0 0.484701 0.625651 0.031901 0.018229
0 0.460286 0.651367 0.022135 0.033203
0 0.484049 0.651367 0.017578 0.029297
0 0.287760 0.662760 0.015625 0.031250
0 0.013021 0.887695 0.026042 0.020182
