1 0.691732 0.182943 0.022786 0.026042
1 0.609375 0.220052 0.031250 0.014323
1 0.380534 0.254557 0.017578 0.029948
1 0.892904 0.301758 0.021484 0.030599
1 0.875977 0.346354 0.027995 0.020833
1 0.548177 0.394206 0.018229 0.033203
1 0.189128 0.400716 0.020182 0.031901
1 0.222982 0.423828 0.020182 0.036458
1 0.710612 0.485677 0.018880 0.035156
1 0.368490 0.498372 0.032552 0.024089
1 0.765625 0.571615 0.031250 0.019531
1 0.373047 0.608073 0.027344 0.029948
1 0.760742 0.610677 0.018880 0.036458
1 0.905599 0.659831 0.022135 0.027995
1 0.327148 0.741211 0.020182 0.033203
