0 0.679036 0.309570 0.023438 0.027995
0 0.815430 0.350260 0.021484 0.028646
0 0.941732 0.421875 0.027995 0.031250
0 0.703125 0.436198 0.028646 0.022135
0 0.415039 0.465169 0.024089 0.030599
0 0.401042 0.477539 0.022135 0.029297
0 0.668620 0.483073 0.020833 0.035156
0 0.714844 0.493490 0.027344 0.023438
0 0.637695 0.506510 0.021484 0.029948
0 0.757487 0.507487 0.030599 0.022786
0 0.443034 0.520508 0.029297 0.021484
0 0.577148 0.524414 0.024089 0.027995
0 0.184570 0.545573 0.029297 0.020833
0 0.478190 0.561849 0.027995 0.023438
0 0.328776 0.565755 0.026042 0.019531
0 0.363607 0.594727 0.025391 0.030599
0 0.062826 0.601888 0.018880 0.031901
0 0.518555 0.621419 0.026693 0.025391
0 0.443685 0.627604 0.016276 0.031250
0 0.375000 0.647786 0.019531 0.032552
0 0.501953 0.646159 0.029948 0.024089
0 0.374023 0.701823 0.024089 0.027344
0 0.404948 0.705404 0.028646 0.025391
0 0.271484 0.740885 0.032552 0.022135
0 0.019531 0.833984 0.015625 0.031250
0 0.108398 0.838867 0.029297 0.017578
