1 0.441732 0.182943 0.022786 0.026042
1 0.359375 0.220052 0.031250 0.014323
1 0.130534 0.254557 0.017578 0.029948
1 0.642904 0.301758 0.021484 0.030599
1 0.870117 0.324870 0.025391 0.033854
1 0.625977 0.346354 0.027995 0.020833
1 0.298177 0.394206 0.018229 0.033203
1 0.850260 0.448242 0.018229 0.029297
1 0.460612 0.485677 0.018880 0.035156
1 0.118490 0.498372 0.032552 0.024089
1 0.515625 0.571615 0.031250 0.019531
1 0.123047 0.608073 0.027344 0.029948
1 0.510742 0.610677 0.018880 0.036458
1 0.655599 0.659831 0.022135 0.027995
1 0.077148 0.741211 0.020182 0.033203
