0 0.651693 0.269206 0.018229 0.034505
0 0.930664 0.281576 0.025391 0.029297
0 0.842773 0.305013 0.025391 0.025391
0 0.949870 0.320312 0.023438 0.028646
0 0.822917 0.330729 0.028646 0.019531
0 0.991211 0.351237 0.017578 0.017578
0 0.484049 0.383464 0.025391 0.026042
0 0.788737 0.403320 0.026693 0.026693
0 0.691732 0.410807 0.018880 0.033854
0 0.395833 0.421224 0.018229 0.032552
0 0.972331 0.432943 0.021484 0.031250
0 0.776042 0.432292 0.028646 0.026042
0 0.898112 0.443359 0.025391 0.027344
0 0.574870 0.444336 0.031250 0.018880
0 0.125651 0.446940 0.029948 0.021484
0 0.789062 0.451497 0.026042 0.027995
0 0.501302 0.470703 0.020833 0.031250
0 0.589518 0.491211 0.031901 0.020182
0 0.750651 0.498372 0.028646 0.022786
0 0.710938 0.521810 0.032552 0.022786
0 0.295247 0.562174 0.024089 0.025391
0 0.220378 0.590820 0.022786 0.024089
0 0.348633 0.609049 0.027995 0.026693
0 0.209310 0.623047 0.026693 0.026042
0 0.267253 0.630208 0.029297 0.020833
0 0.264323 0.654948 0.032552 0.020833
