0 0.723307 0.234375 0.020833 0.029948
0 0.992513 0.297526 0.014974 0.035156
0 0.963867 0.305664 0.025391 0.029297
0 0.841797 0.345378 0.029948 0.024089
0 0.669271 0.351562 0.020833 0.029948
0 0.684896 0.376628 0.018229 0.034505
0 0.774740 0.396484 0.024740 0.028646
0 0.824219 0.398763 0.020833 0.026693
0 0.352865 0.422852 0.022135 0.031901
0 0.086914 0.466471 0.025391 0.026693
0 0.457682 0.491536 0.029948 0.020833
0 0.271159 0.525716 0.018880 0.031901
0 0.114909 0.597982 0.018880 0.031901
0 0.263346 0.636393 0.033203 0.022786
0 0.442057 0.653320 0.018229 0.029297
0 0.233398 0.664388 0.029297 0.022786
0 0.193685 0.685547 0.017578 0.033854
0 0.128906 0.862956 0.035156 0.021484
