0 0.168620 0.060872 0.018229 0.033203
0 0.606120 0.134766 0.029948 0.016927
0 0.397461 0.151367 0.016276 0.031901
0 0.640625 0.151042 0.029948 0.022135
0 0.511393 0.209961 0.014974 0.027995
0 0.580729 0.245117 0.029948 0.020182
0 0.561198 0.271484 0.024740 0.028646
0 0.135417 0.334310 0.031250 0.021484
0 0.448242 0.404948 0.030599 0.019531
0 0.857096 0.419922 0.025391 0.026042
0 0.300781 0.420898 0.027344 0.025391
0 0.108398 0.454427 0.024089 0.028646
0 0.057617 0.532878 0.020182 0.031901
0 0.351237 0.530924 0.026693 0.024089
0 0.216146 0.622396 0.014323 0.035156
