0 0.587565 0.186523 0.031901 0.018880
0 0.290365 0.225586 0.022135 0.027995
0 0.966797 0.284831 0.022135 0.027995
0 0.667643 0.313802 0.030599 0.023438
0 0.167318 0.321289 0.019531 0.034505
0 0.521159 0.368815 0.021484 0.033203
0 0.235677 0.374674 0.024740 0.029297
0 0.450521 0.408203 0.028646 0.022135
0 0.449870 0.437174 0.027344 0.020182
0 0.750326 0.438477 0.033203 0.022786
0 0.400716 0.457031 0.026693 0.026042
0 0.406250 0.488607 0.026042 0.027995
0 0.071940 0.495443 0.016276 0.032552
0 0.394206 0.506836 0.029297 0.026693
0 0.510091 0.553385 0.024089 0.026042
0 0.305990 0.551107 0.029948 0.018880
0 0.177409 0.570964 0.017578 0.032552
0 0.016927 0.589193 0.023438 0.027344
0 0.555339 0.609701 0.029948 0.022786
0 0.114258 0.616862 0.018880 0.030599
0 0.359701 0.625326 0.031901 0.018880
0 0.335286 0.651367 0.022135 0.033203
0 0.359049 0.651693 0.017578 0.029948
0 0.163086 0.662435 0.016276 0.031901
