0 0.662109 0.077799 0.024740 0.025391
0 0.814779 0.155273 0.024089 0.031901
0 0.720378 0.205729 0.031901 0.020833
0 0.840820 0.209310 0.026693 0.022786
0 0.518229 0.217122 0.018229 0.031901
0 0.988281 0.213542 0.023438 0.022135
0 0.368490 0.291667 0.026042 0.023438
0 0.768555 0.303711 0.030599 0.020182
0 0.634766 0.336263 0.015625 0.033203
0 0.922526 0.333984 0.022135 0.029948
0 0.772786 0.340495 0.029948 0.022135
0 0.558594 0.350260 0.024740 0.026042
0 0.829102 0.367513 0.024089 0.026693
0 0.409505 0.378906 0.020833 0.032552
0 0.718099 0.381510 0.029948 0.020833
0 0.593099 0.418294 0.019531 0.033203
0 0.132161 0.419596 0.016927 0.033203
0 0.529622 0.415039 0.031901 0.020182
0 0.433919 0.447591 0.018880 0.030599
0 0.678385 0.444336 0.026042 0.022786
0 0.465169 0.459961 0.018880 0.035807
0 0.628255 0.514974 0.019531 0.033854
0 0.468750 0.531250 0.024740 0.026042
0 0.527995 0.660156 0.026042 0.027344
