0 0.335612 0.313151 0.016276 0.032552
0 0.062174 0.320638 0.025391 0.031901
0 0.399740 0.415690 0.029948 0.020182
0 0.127279 0.431966 0.014974 0.030599
0 0.574544 0.452474 0.020182 0.029948
0 0.323568 0.458659 0.018229 0.034505
0 0.549479 0.454427 0.028646 0.026042
0 0.942708 0.506185 0.024740 0.025391
0 0.402344 0.529297 0.031250 0.020833
0 0.513672 0.616862 0.018229 0.035807
0 0.759440 0.615885 0.016276 0.031250
0 0.530599 0.635417 0.016927 0.031250
0 0.781901 0.632161 0.027344 0.023438
0 0.990234 0.678385 0.019531 0.028646
0 0.648438 0.684896 0.014323 0.032552
0 0.951172 0.685547 0.027344 0.020833
0 0.861979 0.722982 0.031250 0.020182
0 0.880859 0.764648 0.029948 0.025391
0 0.807617 0.787435 0.029297 0.020182
0 0.987305 0.811198 0.025391 0.019531
