0 0.571615 0.274414 0.031250 0.018880
0 0.749674 0.310872 0.025391 0.029297
0 0.595378 0.316081 0.018880 0.033203
0 0.816406 0.381185 0.024740 0.026693
0 0.872070 0.425456 0.018880 0.033203
0 0.942057 0.431966 0.027344 0.024089
0 0.887370 0.487956 0.023438 0.025391
0 0.936849 0.531901 0.019531 0.027344
0 0.881510 0.543945 0.016927 0.033203
0 0.634440 0.587891 0.025391 0.029948
0 0.764323 0.636393 0.026042 0.022786
0 0.633789 0.649414 0.029297 0.020182
0 0.527344 0.668294 0.022135 0.030599
0 0.669271 0.666992 0.029948 0.026693
0 0.473958 0.684896 0.018229 0.031250
0 0.405599 0.692708 0.018229 0.027344
0 0.523438 0.714193 0.027344 0.027344
0 0.259115 0.725260 0.019531 0.032552
0 0.625000 0.739583 0.023438 0.028646
