0 0.449870 0.054036 0.026042 0.024740
0 0.413086 0.172852 0.033203 0.022786
0 0.604818 0.183268 0.020833 0.034505
0 0.735026 0.195964 0.027344 0.023438
0 0.807292 0.221029 0.023438 0.031901
0 0.771159 0.238932 0.021484 0.027344
0 0.847656 0.263021 0.024740 0.029948
0 0.623698 0.278320 0.019531 0.031901
0 0.756185 0.297201 0.024089 0.026693
0 0.255534 0.310872 0.021484 0.026693
0 0.630859 0.325195 0.016927 0.033203
0 0.722656 0.334635 0.015625 0.031250
0 0.759766 0.354818 0.028646 0.020833
0 0.272135 0.363932 0.016927 0.031250
0 0.709310 0.376628 0.025391 0.033203
0 0.737305 0.403646 0.018880 0.032552
0 0.610352 0.434896 0.020182 0.032552
0 0.791992 0.461914 0.018880 0.034505
0 0.992513 0.535807 0.014974 0.029948
0 0.775065 0.655924 0.029297 0.026693
0 0.821940 0.714844 0.031901 0.020833
0 0.888672 0.740885 0.018229 0.032552
