0 0.337565 0.186523 0.031901 0.018880
0 0.040365 0.225586 0.022135 0.027995
0 0.716797 0.284831 0.022135 0.027995
0 0.417643 0.313802 0.030599 0.023438
0 0.271159 0.368815 0.021484 0.033203
0 0.200521 0.408203 0.028646 0.022135
0 0.199870 0.437174 0.027344 0.020182
0 0.500326 0.438477 0.033203 0.022786
0 0.150716 0.457031 0.026693 0.026042
0 0.156250 0.488607 0.026042 0.027995
0 0.144206 0.506836 0.029297 0.026693
0 0.260091 0.553385 0.024089 0.026042
0 0.055990 0.551107 0.029948 0.018880
0 0.305339 0.609701 0.029948 0.022786
0 0.109701 0.625326 0.031901 0.018880
0 0.085286 0.651367 0.022135 0.033203
0 0.109049 0.651693 0.017578 0.029948
