0 0.976562 0.166341 0.016927 0.033203
0 0.951497 0.231771 0.018880 0.027344
0 0.804362 0.238607 0.027995 0.020182
0 0.953776 0.403320 0.020833 0.034505
0 0.959961 0.434896 0.024089 0.027344
0 0.074544 0.452474 0.020182 0.029948
0 0.049479 0.454427 0.028646 0.026042
0 0.783203 0.481120 0.024740 0.026042
0 0.442708 0.506185 0.024740 0.025391
0 0.713867 0.513672 0.020182 0.032552
0 0.509440 0.580729 0.016276 0.032552
0 0.013672 0.616862 0.018229 0.035807
0 0.259440 0.615885 0.016276 0.031250
0 0.030273 0.635417 0.017578 0.031250
0 0.281901 0.632161 0.027344 0.023438
0 0.600260 0.648438 0.026042 0.027344
0 0.639648 0.651042 0.027995 0.026042
0 0.493490 0.678711 0.026042 0.029297
0 0.148438 0.684896 0.014323 0.032552
0 0.451172 0.685547 0.027344 0.020833
0 0.361979 0.722982 0.031250 0.020182
0 0.381185 0.764648 0.030599 0.025391
0 0.307617 0.787435 0.029297 0.020182
0 0.489258 0.811198 0.029297 0.019531
