0 0.151693 0.269206 0.018229 0.034505
0 0.430664 0.281576 0.025391 0.029297
0 0.503255 0.300781 0.029948 0.019531
0 0.342773 0.305013 0.025391 0.025391
0 0.449870 0.320312 0.023438 0.028646
0 0.322917 0.330729 0.028646 0.019531
0 0.497721 0.351237 0.030599 0.017578
0 0.288737 0.403320 0.026693 0.026693
0 0.191732 0.410807 0.018880 0.033854
0 0.515951 0.416992 0.026693 0.027995
0 0.472331 0.432943 0.021484 0.031250
0 0.276042 0.432292 0.028646 0.026042
0 0.398112 0.443359 0.025391 0.027344
0 0.074870 0.444336 0.031250 0.018880
0 0.289062 0.451497 0.026042 0.027995
0 0.089518 0.491211 0.031901 0.020182
0 0.250651 0.498372 0.028646 0.022786
0 0.210938 0.521810 0.032552 0.022786
