0 0.837565 0.186523 0.031901 0.018880
0 0.540365 0.225586 0.022135 0.027995
0 0.917643 0.313802 0.030599 0.023438
0 0.417318 0.321289 0.019531 0.034505
0 0.771159 0.368815 0.021484 0.033203
0 0.485677 0.374674 0.024740 0.029297
0 0.700521 0.408203 0.028646 0.022135
0 0.699870 0.437174 0.027344 0.020182
0 0.991862 0.437500 0.016276 0.020833
0 0.650716 0.457031 0.026693 0.026042
0 0.656250 0.488607 0.026042 0.027995
0 0.321940 0.495443 0.016276 0.032552
0 0.644206 0.506836 0.029297 0.026693
0 0.760091 0.553385 0.024089 0.026042
0 0.555990 0.551107 0.029948 0.018880
0 0.427409 0.570964 0.017578 0.032552
0 0.266927 0.589193 0.023438 0.027344
0 0.805339 0.609701 0.029948 0.022786
0 0.364258 0.616862 0.018880 0.030599
0 0.032878 0.621094 0.029297 0.018229
0 0.609701 0.625326 0.031901 0.018880
0 0.585286 0.651367 0.022135 0.033203
0 0.609049 0.651693 0.017578 0.029948
0 0.413086 0.662435 0.016276 0.031901
0 0.128255 0.755208 0.019531 0.033854
0 0.137044 0.887695 0.029297 0.020182
