0 0.836589 0.307292 0.019531 0.036458
0 0.830729 0.337565 0.024740 0.026693
0 0.680664 0.357096 0.030599 0.022786
0 0.961263 0.378581 0.029297 0.018880
0 0.989583 0.406576 0.020833 0.021484
0 0.698568 0.431315 0.020833 0.029297
0 0.962240 0.430013 0.031250 0.026693
0 0.729818 0.439453 0.031250 0.023438
0 0.826497 0.444661 0.026693 0.022135
0 0.928711 0.448893 0.026693 0.024089
0 0.861328 0.451823 0.026042 0.022135
0 0.992188 0.467448 0.015625 0.037760
0 0.456055 0.505859 0.024089 0.032552
0 0.359701 0.516602 0.030599 0.021484
0 0.573242 0.540690 0.029297 0.020182
0 0.634766 0.552083 0.019531 0.033854
0 0.596680 0.579753 0.024089 0.030599
0 0.777995 0.586263 0.026042 0.029297
0 0.579102 0.603516 0.016276 0.032552
0 0.936198 0.603841 0.015625 0.031901
0 0.354818 0.600260 0.031250 0.018229
0 0.622396 0.608398 0.019531 0.029297
0 0.689779 0.672201 0.029297 0.022786
0 0.743490 0.697917 0.018229 0.032552
0 0.398112 0.706380 0.027995 0.022135
