1 0.334635 0.224935 0.023438 0.021484
1 0.412760 0.256510 0.018229 0.033854
1 0.366862 0.260417 0.029297 0.027344
1 0.498047 0.326497 0.032552 0.020182
1 0.666016 0.338867 0.033854 0.022786
1 0.135742 0.421549 0.030599 0.020182
1 0.689128 0.431966 0.027995 0.018880
1 0.110677 0.445312 0.026042 0.022135
1 0.862305 0.454102 0.021484 0.034505
1 0.921224 0.530273 0.015625 0.035807
1 0.733398 0.539062 0.021484 0.033854
1 0.397135 0.542318 0.029948 0.019531
1 0.644206 0.547852 0.029297 0.029297
1 0.289714 0.555013 0.015625 0.018880
1 0.062500 0.569336 0.018229 0.031901
1 0.150391 0.714844 0.022135 0.031250
