0 0.711589 0.307292 0.019531 0.036458
0 0.988932 0.328451 0.022135 0.022786
0 0.705729 0.337565 0.024740 0.026693
0 0.555664 0.357096 0.030599 0.022786
0 0.923828 0.383138 0.018229 0.030599
0 0.836263 0.378581 0.029297 0.018880
0 0.867839 0.406576 0.027344 0.021484
0 0.573568 0.431315 0.020833 0.029297
0 0.837240 0.430013 0.031250 0.026693
0 0.604818 0.439453 0.031250 0.023438
0 0.701497 0.444661 0.026693 0.022135
0 0.803711 0.448893 0.026693 0.024089
0 0.736328 0.451823 0.026042 0.022135
0 0.868815 0.467448 0.018880 0.037760
0 0.979492 0.468099 0.017578 0.032552
0 0.331055 0.505859 0.024089 0.032552
0 0.987305 0.509440 0.021484 0.031901
0 0.234701 0.516602 0.030599 0.021484
0 0.448242 0.540690 0.029297 0.020182
0 0.509766 0.552083 0.019531 0.033854
0 0.471680 0.579753 0.024089 0.030599
0 0.652995 0.586263 0.026042 0.029297
0 0.454102 0.603516 0.016276 0.032552
0 0.811198 0.603841 0.015625 0.031901
0 0.229818 0.600260 0.031250 0.018229
0 0.497396 0.608398 0.019531 0.029297
0 0.564779 0.672201 0.029297 0.022786
0 0.618490 0.697917 0.018229 0.032552
0 0.273112 0.706380 0.027995 0.022135
