0 0.007487 0.138672 0.014974 0.032552
0 0.445638 0.143229 0.027995 0.018229
0 0.511068 0.152669 0.023438 0.027995
0 0.044271 0.206706 0.024740 0.026693
0 0.158203 0.202474 0.029948 0.019531
0 0.289714 0.220703 0.023438 0.027344
0 0.265951 0.258789 0.033203 0.021484
0 0.152018 0.274089 0.026693 0.023438
0 0.194010 0.289388 0.028646 0.018880
0 0.253906 0.319336 0.024740 0.026693
0 0.132487 0.336263 0.021484 0.033203
0 0.340820 0.333008 0.027995 0.027995
0 0.097005 0.361003 0.020833 0.029297
0 0.275716 0.528320 0.021484 0.027995
