0 0.162109 0.077799 0.024740 0.025391
0 0.314779 0.155599 0.024089 0.032552
0 0.220378 0.205729 0.031901 0.020833
0 0.340820 0.209310 0.027995 0.022786
0 0.018229 0.217122 0.018229 0.031901
0 0.491536 0.213542 0.029948 0.022135
0 0.268555 0.303711 0.030599 0.020182
0 0.134766 0.336263 0.015625 0.033203
0 0.422526 0.333984 0.022135 0.029948
0 0.272786 0.340820 0.029948 0.022786
0 0.058594 0.349935 0.024740 0.026693
0 0.329102 0.367513 0.024089 0.026693
0 0.218424 0.381510 0.030599 0.020833
0 0.093099 0.418620 0.020833 0.033854
0 0.029622 0.415039 0.031901 0.020182
0 0.178385 0.444336 0.026042 0.022786
0 0.128255 0.514974 0.019531 0.033854
0 0.027995 0.660156 0.026042 0.027344
