0 0.364258 0.355143 0.026693 0.018880
0 0.859049 0.383464 0.025391 0.026042
0 0.770833 0.421224 0.018229 0.032552
0 0.949870 0.444336 0.031250 0.018880
0 0.500651 0.446940 0.029948 0.021484
0 0.876302 0.470703 0.020833 0.031250
0 0.964518 0.491211 0.031901 0.020182
0 0.670247 0.562174 0.024089 0.025391
0 0.361003 0.590820 0.024089 0.030599
0 0.595378 0.590820 0.022786 0.024089
0 0.723633 0.609049 0.027995 0.026693
0 0.584310 0.623047 0.026693 0.026042
0 0.642253 0.630208 0.029297 0.020833
0 0.639323 0.654948 0.032552 0.020833
0 0.313802 0.767578 0.026042 0.023438
