1 0.933919 0.201823 0.029297 0.023438
1 0.129557 0.247070 0.016927 0.027995
1 0.041992 0.288411 0.020182 0.035156
1 0.850260 0.291016 0.032552 0.019531
1 0.842773 0.347331 0.020182 0.034505
1 0.568034 0.413737 0.025391 0.027995
1 0.322591 0.416016 0.021484 0.029948
1 0.845052 0.446289 0.028646 0.022786
1 0.571940 0.449544 0.021484 0.026693
1 0.099935 0.470703 0.021484 0.031250
1 0.264323 0.474284 0.016927 0.033203
1 0.558594 0.558919 0.018229 0.034505
1 0.293945 0.580729 0.014974 0.026042
1 0.350911 0.690430 0.015625 0.029297
