0 0.912109 0.077799 0.024740 0.025391
0 0.970378 0.205729 0.031901 0.020833
0 0.768229 0.217122 0.018229 0.031901
0 0.618490 0.291667 0.026042 0.023438
0 0.884766 0.336263 0.015625 0.033203
0 0.808594 0.350260 0.024740 0.026042
0 0.659505 0.378906 0.020833 0.032552
0 0.968099 0.381510 0.029948 0.020833
0 0.843099 0.418294 0.019531 0.033203
0 0.382161 0.419596 0.016927 0.033203
0 0.779622 0.415039 0.031901 0.020182
0 0.683919 0.447591 0.018880 0.030599
0 0.928385 0.444336 0.026042 0.022786
0 0.715169 0.459961 0.018880 0.035807
0 0.878255 0.514974 0.019531 0.033854
0 0.718750 0.531250 0.024740 0.026042
0 0.777995 0.660156 0.026042 0.027344
