1 0.754883 0.129232 0.018880 0.027995
1 0.471354 0.210938 0.033854 0.023438
1 0.928711 0.251953 0.020182 0.032552
1 0.162760 0.262370 0.020833 0.032552
1 0.412109 0.303385 0.029948 0.024740
1 0.664388 0.313477 0.020182 0.034505
1 0.680013 0.356445 0.029297 0.026693
1 0.929362 0.400391 0.021484 0.031250
1 0.142578 0.472331 0.028646 0.025391
1 0.162760 0.488932 0.016927 0.035156
1 0.289388 0.501302 0.020182 0.037760
1 0.362630 0.518555 0.019531 0.034505
1 0.439779 0.564779 0.030599 0.024089
1 0.568685 0.602214 0.017578 0.036458
1 0.182031 0.490278 0.015625 0.027778
