0 0.745768 0.060547 0.016276 0.031250
0 0.387370 0.138997 0.020833 0.029297
0 0.388672 0.183268 0.028646 0.024089
0 0.360352 0.240234 0.025391 0.026042
0 0.421549 0.245443 0.027995 0.024740
0 0.572266 0.262044 0.018229 0.033203
0 0.700195 0.275716 0.029297 0.026693
0 0.777995 0.293945 0.029948 0.021484
0 0.773438 0.324544 0.023438 0.022786
0 0.652344 0.385742 0.019531 0.034505
0 0.547526 0.423828 0.016927 0.032552
0 0.017904 0.440430 0.016276 0.030599
0 0.611328 0.451823 0.027344 0.022135
0 0.772786 0.485026 0.031250 0.019531
0 0.469076 0.535482 0.029297 0.021484
0 0.376302 0.689779 0.031250 0.021484
0 0.273112 0.707357 0.020182 0.031901
0 0.105143 0.707682 0.030599 0.019531
0 0.301432 0.717122 0.028646 0.021484
