0 0.175130 0.290039 0.019531 0.030599
0 0.186198 0.312826 0.026042 0.024089
0 0.160807 0.323568 0.016927 0.029948
0 0.077148 0.329427 0.030599 0.026042
0 0.182292 0.350911 0.024740 0.026042
0 0.151693 0.359701 0.027344 0.022786
0 0.058919 0.363281 0.029297 0.019531
0 0.090169 0.366211 0.030599 0.021484
0 0.102539 0.386393 0.030599 0.020182
0 0.124674 0.408529 0.018880 0.030599
0 0.096029 0.418945 0.020182 0.033203
0 0.019206 0.467122 0.030599 0.020182
0 0.082357 0.470378 0.030599 0.021484
0 0.251953 0.652669 0.031250 0.018880
