1 0.721354 0.210938 0.033854 0.023438
1 0.412760 0.262370 0.020833 0.032552
1 0.224609 0.283854 0.018229 0.028646
1 0.662109 0.303385 0.029948 0.024740
1 0.914388 0.313477 0.020182 0.034505
1 0.930013 0.356445 0.029297 0.026693
1 0.053385 0.405273 0.023438 0.031901
1 0.392578 0.472331 0.028646 0.025391
1 0.412760 0.488932 0.016927 0.035156
1 0.539388 0.501302 0.020182 0.037760
1 0.612630 0.518555 0.019531 0.034505
1 0.689779 0.564779 0.030599 0.024089
1 0.818685 0.602214 0.017578 0.036458
1 0.431250 0.490278 0.012500 0.025000
