0 0.140951 0.285807 0.018880 0.032552
0 0.619792 0.296875 0.031250 0.020833
0 0.025716 0.306966 0.021484 0.034505
0 0.317383 0.315430 0.017578 0.033203
0 0.269531 0.329427 0.026042 0.023438
0 0.893229 0.421224 0.031250 0.020833
0 0.446940 0.431641 0.016276 0.032552
0 0.232747 0.487956 0.018880 0.035807
0 0.012695 0.495443 0.025391 0.019531
0 0.809896 0.546224 0.028646 0.018229
0 0.356120 0.560872 0.022135 0.029297
0 0.489909 0.566081 0.018880 0.034505
0 0.312826 0.581055 0.017578 0.033203
0 0.107422 0.599935 0.024740 0.029297
