0 0.409505 0.099284 0.018229 0.031901
0 0.584961 0.202799 0.026693 0.021484
0 0.385091 0.226888 0.030599 0.020182
0 0.098307 0.234701 0.020833 0.029297
0 0.634440 0.256510 0.018880 0.035156
0 0.338542 0.305664 0.024740 0.029297
0 0.500977 0.307617 0.021484 0.026693
0 0.615234 0.312500 0.016927 0.035156
0 0.583984 0.308594 0.029948 0.019531
0 0.216797 0.345378 0.029948 0.024089
0 0.044271 0.351562 0.020833 0.029948
0 0.704427 0.358073 0.032552 0.020833
0 0.059896 0.376302 0.018229 0.033854
0 0.149740 0.396484 0.024740 0.028646
0 0.198893 0.398763 0.020182 0.026693
