0 0.790039 0.465169 0.024089 0.030599
0 0.776042 0.477539 0.022135 0.029297
0 0.818034 0.520508 0.029297 0.021484
0 0.952148 0.524414 0.024089 0.027995
0 0.559570 0.545573 0.029297 0.020833
0 0.853190 0.561849 0.027995 0.023438
0 0.703776 0.565755 0.026042 0.019531
0 0.340820 0.580729 0.017578 0.033854
0 0.738607 0.594727 0.025391 0.030599
0 0.437826 0.601888 0.018880 0.031901
0 0.893555 0.621419 0.026693 0.025391
0 0.818685 0.627604 0.016276 0.031250
0 0.750000 0.647786 0.019531 0.032552
0 0.876953 0.646159 0.029948 0.024089
0 0.749023 0.701823 0.024089 0.027344
0 0.779948 0.705404 0.028646 0.025391
0 0.646484 0.740885 0.032552 0.022135
0 0.394531 0.833984 0.015625 0.031250
0 0.483398 0.838867 0.029297 0.017578
