0 0.601562 0.166341 0.016927 0.033203
0 0.576497 0.231771 0.018880 0.027344
0 0.429362 0.238607 0.027995 0.020182
0 0.676107 0.254883 0.029297 0.027995
0 0.814779 0.320964 0.027995 0.026042
0 0.673828 0.322266 0.029948 0.020833
0 0.744792 0.331380 0.026042 0.022135
0 0.678060 0.389648 0.021484 0.027995
0 0.578776 0.403320 0.020833 0.034505
0 0.584961 0.434896 0.024089 0.027344
0 0.408203 0.481120 0.024740 0.026042
0 0.067708 0.506185 0.024740 0.025391
0 0.338867 0.513672 0.020182 0.032552
0 0.638997 0.562500 0.020182 0.032552
0 0.134440 0.580729 0.016276 0.032552
0 0.225260 0.648438 0.026042 0.027344
0 0.264648 0.651042 0.027995 0.026042
0 0.118490 0.678711 0.026042 0.029297
0 0.076172 0.685547 0.027344 0.020833
0 0.010742 0.764648 0.021484 0.025391
0 0.114258 0.811198 0.029297 0.019531
