0 0.247070 0.204427 0.021484 0.027344
0 0.791016 0.410807 0.019531 0.032552
0 0.983398 0.454427 0.024089 0.028646
0 0.932617 0.532878 0.020182 0.031901
0 0.707682 0.555013 0.022135 0.031901
0 0.826172 0.602539 0.027344 0.025391
0 0.588542 0.634766 0.026042 0.024740
0 0.832357 0.637370 0.026693 0.027344
0 0.356771 0.642253 0.031250 0.020182
0 0.695964 0.677734 0.027344 0.016927
0 0.236003 0.681966 0.027995 0.017578
0 0.367839 0.748047 0.027344 0.029948
0 0.615885 0.751302 0.024740 0.033854
0 0.363932 0.828776 0.028646 0.024740
