0 0.790365 0.225260 0.022135 0.027344
0 0.185547 0.263346 0.029948 0.017578
0 0.667318 0.321615 0.019531 0.033854
0 0.735677 0.374674 0.024740 0.029297
0 0.950521 0.408203 0.028646 0.022135
0 0.949870 0.437500 0.027344 0.019531
0 0.900716 0.457031 0.026693 0.026042
0 0.906250 0.488281 0.026042 0.027344
0 0.571940 0.495443 0.016276 0.032552
0 0.894206 0.506836 0.029297 0.026693
0 0.805990 0.551107 0.029948 0.018880
0 0.677409 0.570964 0.017578 0.032552
0 0.516927 0.589193 0.023438 0.026042
0 0.614583 0.616862 0.018229 0.030599
0 0.282878 0.621094 0.029297 0.018229
0 0.859701 0.625651 0.031901 0.018229
0 0.835286 0.651367 0.022135 0.033203
0 0.859049 0.651367 0.017578 0.029297
0 0.662760 0.662760 0.015625 0.031250
0 0.378255 0.755208 0.019531 0.033854
0 0.386719 0.887695 0.028646 0.020182
