0 0.608073 0.112305 0.026042 0.024089
0 0.621094 0.183594 0.031250 0.019531
0 0.741211 0.217448 0.025391 0.023438
0 0.719076 0.240560 0.025391 0.027995
0 0.273438 0.275065 0.016927 0.035807
0 0.623047 0.291016 0.022135 0.028646
0 0.484375 0.328776 0.031250 0.022135
0 0.812826 0.343099 0.024089 0.029948
0 0.850586 0.369792 0.020182 0.031250
0 0.704753 0.390951 0.025391 0.020182
0 0.553060 0.391602 0.033203 0.020182
0 0.398438 0.412109 0.014323 0.032552
0 0.655599 0.408854 0.029948 0.018229
0 0.595703 0.419596 0.018229 0.024089
0 0.652344 0.435547 0.019531 0.031250
0 0.708333 0.464844 0.020833 0.031250
0 0.811849 0.464844 0.018229 0.031250
0 0.618815 0.496094 0.027995 0.019531
0 0.522786 0.622721 0.031250 0.024089
