0 0.837891 0.213216 0.019531 0.030599
0 0.962240 0.261393 0.018229 0.031901
0 0.762695 0.260742 0.018880 0.029297
0 0.674479 0.266602 0.024740 0.026693
0 0.811849 0.270833 0.031250 0.020833
0 0.725260 0.276367 0.026042 0.025391
0 0.196615 0.274414 0.031250 0.018880
0 0.762370 0.294922 0.023438 0.031250
0 0.982747 0.292643 0.034505 0.018880
0 0.374674 0.310872 0.025391 0.029297
0 0.220378 0.316081 0.018880 0.033203
0 0.704427 0.327148 0.024740 0.026693
0 0.723307 0.346029 0.022135 0.029297
0 0.441406 0.381185 0.024740 0.026693
0 0.761393 0.378906 0.031901 0.020833
0 0.497070 0.425456 0.018880 0.033203
0 0.567057 0.431966 0.027344 0.024089
0 0.726237 0.454427 0.017578 0.032552
0 0.512370 0.487956 0.023438 0.025391
0 0.770508 0.491862 0.029297 0.018880
0 0.626628 0.509440 0.018880 0.030599
0 0.561849 0.531901 0.019531 0.027344
0 0.506510 0.543945 0.016927 0.033203
0 0.259440 0.587891 0.025391 0.029948
0 0.389323 0.636393 0.026042 0.022786
0 0.258789 0.649414 0.029297 0.020182
0 0.152344 0.668294 0.022135 0.030599
0 0.294271 0.666992 0.029948 0.026693
0 0.098958 0.684896 0.018229 0.031250
0 0.030599 0.692708 0.018229 0.027344
0 0.148438 0.714193 0.027344 0.027344
0 0.250000 0.739583 0.023438 0.028646
