0 0.074870 0.054036 0.026042 0.024740
0 0.038086 0.172852 0.033203 0.022786
0 0.229818 0.183268 0.020833 0.034505
0 0.360026 0.195964 0.027344 0.023438
0 0.432292 0.221029 0.023438 0.031901
0 0.396159 0.238932 0.021484 0.027344
0 0.472656 0.263021 0.024740 0.029948
0 0.248698 0.278320 0.019531 0.031901
0 0.672201 0.294596 0.027995 0.024089
0 0.381185 0.297201 0.024089 0.026693
0 0.255859 0.325195 0.016927 0.033203
0 0.347656 0.334635 0.015625 0.031250
0 0.384766 0.354818 0.028646 0.020833
0 0.334310 0.376628 0.025391 0.033203
0 0.362305 0.403646 0.018880 0.032552
0 0.235352 0.434896 0.020182 0.032552
0 0.416992 0.461914 0.018880 0.034505
0 0.622396 0.536133 0.024740 0.030599
0 0.685872 0.537435 0.024089 0.027995
0 0.400065 0.655924 0.029297 0.026693
0 0.446940 0.714844 0.031901 0.020833
0 0.513672 0.740885 0.018229 0.032552
