0 0.392578 0.295247 0.023438 0.022786
0 0.086589 0.307292 0.019531 0.036458
0 0.366536 0.328451 0.027344 0.022786
0 0.080729 0.337565 0.024740 0.026693
0 0.875977 0.356445 0.017578 0.030599
0 0.298828 0.383138 0.018229 0.030599
0 0.211263 0.378581 0.029297 0.018880
0 0.242839 0.406576 0.027344 0.021484
0 0.212240 0.430013 0.031250 0.026693
0 0.076497 0.444661 0.026693 0.022135
0 0.178711 0.448893 0.026693 0.024089
0 0.111328 0.451823 0.026042 0.022135
0 0.243815 0.467448 0.018880 0.037760
0 0.354492 0.468099 0.017578 0.032552
0 0.362305 0.509440 0.021484 0.031901
0 0.392253 0.519857 0.029297 0.029297
0 0.027995 0.586263 0.026042 0.029297
0 0.186198 0.603841 0.015625 0.031901
