0 0.846680 0.171549 0.021484 0.029297
0 0.918294 0.188802 0.018880 0.032552
0 0.904297 0.223633 0.024740 0.026693
0 0.930339 0.243490 0.027344 0.029948
0 0.171875 0.398112 0.024740 0.024089
0 0.694987 0.414388 0.026693 0.025391
0 0.911784 0.433919 0.025391 0.026693
0 0.372721 0.441081 0.018880 0.031901
0 0.872070 0.499023 0.033203 0.022786
0 0.208659 0.502604 0.026693 0.026042
0 0.308594 0.527669 0.020833 0.027995
0 0.305664 0.574219 0.026693 0.022135
0 0.713542 0.645508 0.029948 0.022786
0 0.469727 0.649740 0.027995 0.019531
0 0.688151 0.668294 0.018229 0.034505
0 0.309570 0.671549 0.018880 0.035807
0 0.661784 0.696289 0.027995 0.020182
0 0.109375 0.736328 0.020833 0.032552
0 0.166016 0.752279 0.028646 0.029297
0 0.657227 0.750651 0.029297 0.020833
