0 0.418620 0.060872 0.018229 0.033203
0 0.856120 0.134766 0.029948 0.016927
0 0.647461 0.151367 0.016276 0.031901
0 0.890625 0.151042 0.029948 0.022135
0 0.761393 0.209961 0.014974 0.027995
0 0.830729 0.245117 0.029948 0.020182
0 0.811198 0.271484 0.024740 0.028646
0 0.385417 0.334310 0.031250 0.021484
0 0.166016 0.410807 0.019531 0.032552
0 0.698242 0.404948 0.030599 0.019531
0 0.550781 0.420898 0.027344 0.025391
0 0.358398 0.454427 0.024089 0.028646
0 0.307617 0.532878 0.020182 0.031901
0 0.601237 0.530924 0.026693 0.024089
0 0.082682 0.555013 0.022135 0.031901
0 0.201172 0.602539 0.027344 0.025391
0 0.466146 0.622396 0.014323 0.035156
0 0.207357 0.637370 0.026693 0.027344
0 0.070964 0.677734 0.027344 0.016927
