0 0.842448 0.218099 0.024740 0.022135
0 0.958333 0.349935 0.027344 0.020182
0 0.875977 0.416016 0.017578 0.027344
0 0.896484 0.456706 0.023438 0.025391
0 0.558268 0.527344 0.025391 0.022135
0 0.929036 0.576823 0.020833 0.028646
0 0.761719 0.638346 0.020833 0.030599
0 0.749349 0.667643 0.029948 0.026693
0 0.988932 0.665690 0.022135 0.020182
0 0.446289 0.718750 0.021484 0.031250
0 0.754883 0.723307 0.022786 0.028646
0 0.725586 0.741862 0.030599 0.022786
0 0.733073 0.769531 0.031250 0.022135
0 0.376953 0.786133 0.018229 0.037109
0 0.718424 0.792318 0.026693 0.024740
0 0.973307 0.798828 0.016927 0.035156
0 0.681315 0.826823 0.030599 0.023438
0 0.579753 0.832031 0.022786 0.028646
0 0.665039 0.846029 0.026693 0.027995
0 0.440755 0.902995 0.024740 0.032552
