0 0.174154 0.045247 0.017578 0.031901
0 0.765299 0.239909 0.022786 0.029297
0 0.257161 0.280924 0.016927 0.031901
0 0.648763 0.286784 0.018880 0.033203
0 0.602865 0.286133 0.031250 0.022786
0 0.586914 0.325521 0.030599 0.026042
0 0.823893 0.341471 0.022786 0.029297
0 0.677409 0.344727 0.018880 0.031901
0 0.596029 0.354492 0.022786 0.034505
0 0.699870 0.363607 0.027344 0.024089
0 0.724935 0.383464 0.025391 0.024740
0 0.286458 0.397461 0.032552 0.018880
0 0.611979 0.405924 0.029948 0.022786
0 0.430013 0.420247 0.025391 0.027995
0 0.627930 0.422201 0.026693 0.025391
0 0.526693 0.422852 0.026042 0.025391
0 0.479492 0.448893 0.016276 0.031901
0 0.630534 0.451172 0.018880 0.033854
0 0.769206 0.452474 0.025391 0.029948
0 0.743490 0.457357 0.019531 0.031901
0 0.714518 0.480794 0.020182 0.033203
0 0.692383 0.495443 0.017578 0.033854
0 0.394206 0.500326 0.024089 0.027995
0 0.328776 0.530273 0.020833 0.027995
0 0.372396 0.542969 0.026042 0.029948
0 0.572591 0.544596 0.020182 0.031901
0 0.403971 0.540039 0.029297 0.020182
0 0.469076 0.612956 0.026693 0.021484
