0 0.217448 0.218099 0.024740 0.022135
0 0.333333 0.349935 0.027344 0.020182
0 0.250977 0.416016 0.017578 0.027344
0 0.271484 0.456706 0.023438 0.025391
0 0.304036 0.576823 0.020833 0.028646
0 0.468750 0.588867 0.027344 0.025391
0 0.136719 0.638346 0.020833 0.030599
0 0.416016 0.655924 0.015625 0.034505
0 0.124349 0.667643 0.029948 0.026693
0 0.367839 0.665690 0.029948 0.020182
0 0.129883 0.723307 0.022786 0.028646
0 0.100586 0.741862 0.030599 0.022786
0 0.108073 0.769531 0.031250 0.022135
0 0.093424 0.792318 0.026693 0.024740
0 0.348307 0.798828 0.016927 0.035156
0 0.056315 0.826823 0.030599 0.023438
0 0.040039 0.846029 0.026693 0.027995
