0 0.712891 0.213216 0.019531 0.030599
0 0.837240 0.261393 0.018229 0.031901
0 0.637695 0.260742 0.018880 0.029297
0 0.549479 0.266602 0.024740 0.026693
0 0.686849 0.270833 0.031250 0.020833
0 0.600260 0.276367 0.026042 0.025391
0 0.071615 0.274414 0.031250 0.018880
0 0.637370 0.294922 0.023438 0.031250
0 0.857747 0.292643 0.034505 0.018880
0 0.249674 0.310872 0.025391 0.029297
0 0.095378 0.316081 0.018880 0.033203
0 0.579427 0.327148 0.024740 0.026693
0 0.598307 0.346029 0.022135 0.029297
0 0.316406 0.381185 0.024740 0.026693
0 0.636393 0.378906 0.031901 0.020833
0 0.372070 0.425456 0.018880 0.033203
0 0.442057 0.431966 0.027344 0.024089
0 0.601237 0.454427 0.017578 0.032552
0 0.387370 0.487956 0.023438 0.025391
0 0.645508 0.491862 0.029297 0.018880
0 0.501628 0.509440 0.018880 0.030599
0 0.436849 0.531901 0.019531 0.027344
0 0.381510 0.543945 0.016927 0.033203
0 0.134440 0.587891 0.025391 0.029948
0 0.264323 0.636393 0.026042 0.022786
0 0.133789 0.649414 0.029297 0.020182
0 0.027344 0.668294 0.022135 0.030599
0 0.169271 0.666992 0.029948 0.026693
0 0.023438 0.714193 0.027344 0.027344
0 0.125000 0.739583 0.023438 0.028646
