1 0.809245 0.221354 0.028646 0.026042
1 0.084635 0.224935 0.023438 0.021484
1 0.162760 0.256510 0.018229 0.033854
1 0.116862 0.260417 0.029297 0.027344
1 0.912760 0.321615 0.028646 0.020833
1 0.248047 0.326497 0.032552 0.020182
1 0.416016 0.338867 0.033854 0.022786
1 0.862630 0.415039 0.024740 0.020182
1 0.439128 0.431966 0.027995 0.018880
1 0.612305 0.454102 0.021484 0.034505
1 0.780924 0.461589 0.017578 0.033854
1 0.671224 0.530273 0.015625 0.035807
1 0.483398 0.539062 0.021484 0.033854
1 0.147135 0.542318 0.029948 0.019531
1 0.394206 0.547852 0.029297 0.029297
1 0.039714 0.555013 0.015625 0.018880
