1 0.834635 0.224935 0.023438 0.021484
1 0.354492 0.231445 0.031901 0.022786
1 0.912760 0.256510 0.018229 0.033854
1 0.866862 0.260417 0.029297 0.027344
1 0.180664 0.322591 0.025391 0.031901
1 0.089193 0.373047 0.019531 0.035156
1 0.635742 0.421549 0.030599 0.020182
1 0.610677 0.445312 0.026042 0.022135
1 0.016276 0.448893 0.026042 0.022786
1 0.278971 0.498047 0.025391 0.035156
1 0.053060 0.541667 0.025391 0.033854
1 0.897135 0.542318 0.029948 0.019531
1 0.789714 0.555013 0.015625 0.018880
1 0.562500 0.569336 0.018229 0.031901
1 0.453451 0.587891 0.026693 0.028646
1 0.650391 0.714844 0.022135 0.031250
