0 0.111328 0.288086 0.019531 0.031901
0 0.550130 0.290039 0.019531 0.030599
0 0.561198 0.312826 0.026042 0.024089
0 0.535807 0.323568 0.016927 0.029948
0 0.452148 0.329427 0.030599 0.026042
0 0.557292 0.350911 0.024740 0.026042
0 0.526693 0.359701 0.027344 0.022786
0 0.433919 0.363281 0.029297 0.019531
0 0.465169 0.366211 0.030599 0.021484
0 0.477539 0.386393 0.030599 0.020182
0 0.499674 0.408529 0.018880 0.030599
0 0.471029 0.418945 0.020182 0.033203
0 0.251302 0.455404 0.018229 0.033203
0 0.394206 0.467122 0.030599 0.020182
0 0.457357 0.470378 0.030599 0.021484
0 0.240234 0.565430 0.018229 0.037109
0 0.626953 0.652669 0.031250 0.018880
0 0.081055 0.705729 0.030599 0.018229
