0 0.276693 0.269206 0.018229 0.034505
0 0.555664 0.281576 0.025391 0.029297
0 0.628255 0.300781 0.029948 0.019531
0 0.467773 0.305013 0.025391 0.025391
0 0.574870 0.320312 0.023438 0.028646
0 0.447917 0.330729 0.028646 0.019531
0 0.622721 0.351237 0.030599 0.017578
0 0.109049 0.383464 0.025391 0.026042
0 0.413737 0.403320 0.026693 0.026693
0 0.316732 0.410807 0.018880 0.033854
0 0.640951 0.416992 0.026693 0.027995
0 0.020833 0.421224 0.018229 0.032552
0 0.597331 0.432943 0.021484 0.031250
0 0.401042 0.432292 0.028646 0.026042
0 0.523112 0.443359 0.025391 0.027344
0 0.199870 0.444336 0.031250 0.018880
0 0.414062 0.451497 0.026042 0.027995
0 0.126302 0.470703 0.020833 0.031250
0 0.214518 0.491211 0.031901 0.020182
0 0.375651 0.498372 0.028646 0.022786
0 0.335938 0.521810 0.032552 0.022786
