0 0.324870 0.054036 0.026042 0.024740
0 0.288086 0.172852 0.033203 0.022786
0 0.479818 0.183268 0.020833 0.034505
0 0.610026 0.195964 0.027344 0.023438
0 0.682292 0.221029 0.023438 0.031901
0 0.646159 0.238932 0.021484 0.027344
0 0.722656 0.263021 0.024740 0.029948
0 0.498698 0.278320 0.019531 0.031901
0 0.922201 0.294596 0.027995 0.024089
0 0.631185 0.297201 0.024089 0.026693
0 0.130534 0.310872 0.021484 0.026693
0 0.505859 0.325195 0.016927 0.033203
0 0.597656 0.334635 0.015625 0.031250
0 0.634766 0.354818 0.028646 0.020833
0 0.147135 0.363932 0.016927 0.031250
0 0.584310 0.376628 0.025391 0.033203
0 0.612305 0.403646 0.018880 0.032552
0 0.485352 0.434896 0.020182 0.032552
0 0.666992 0.461914 0.018880 0.034505
0 0.872396 0.536133 0.024740 0.030599
0 0.935872 0.537435 0.024089 0.027995
0 0.650065 0.655924 0.029297 0.026693
0 0.696940 0.714844 0.031901 0.020833
0 0.763672 0.740885 0.018229 0.032552
