0 0.887370 0.138997 0.020833 0.029297
0 0.888672 0.183268 0.028646 0.024089
0 0.860352 0.240234 0.025391 0.026042
0 0.921549 0.245443 0.027995 0.024740
0 0.379883 0.335612 0.016276 0.030599
0 0.517904 0.440430 0.016276 0.030599
0 0.969076 0.535482 0.029297 0.021484
0 0.142253 0.600260 0.018880 0.036458
0 0.876302 0.689779 0.031250 0.021484
0 0.419596 0.696940 0.018880 0.033203
0 0.773112 0.707357 0.020182 0.031901
0 0.448893 0.714518 0.016276 0.031901
0 0.605143 0.707682 0.030599 0.019531
0 0.801432 0.717122 0.028646 0.021484
