0 0.303385 0.205078 0.018229 0.032552
0 0.429036 0.237305 0.022135 0.029297
0 0.215820 0.277995 0.030599 0.020833
0 0.118490 0.298503 0.022135 0.029297
0 0.213216 0.303060 0.027995 0.021484
0 0.247396 0.305664 0.018229 0.027995
0 0.214193 0.338542 0.019531 0.035156
0 0.237630 0.347331 0.020833 0.033203
0 0.039714 0.349609 0.023438 0.024740
0 0.154297 0.361654 0.022135 0.033203
0 0.074544 0.373047 0.027995 0.027344
0 0.133789 0.381836 0.017578 0.031901
0 0.158854 0.400716 0.031250 0.017578
0 0.186198 0.413737 0.026042 0.026693
0 0.051758 0.417969 0.029297 0.027344
0 0.012695 0.505859 0.024089 0.026042
0 0.062174 0.513672 0.030599 0.018229
0 0.010742 0.538411 0.020182 0.032552
