0 0.892578 0.295247 0.023438 0.022786
0 0.586589 0.307292 0.019531 0.036458
0 0.866536 0.328451 0.027344 0.022786
0 0.580729 0.337565 0.024740 0.026693
0 0.430664 0.357096 0.030599 0.022786
0 0.798828 0.383138 0.018229 0.030599
0 0.711263 0.378581 0.029297 0.018880
0 0.742839 0.406576 0.027344 0.021484
0 0.448568 0.431315 0.020833 0.029297
0 0.712240 0.430013 0.031250 0.026693
0 0.479818 0.439453 0.031250 0.023438
0 0.576497 0.444661 0.026693 0.022135
0 0.678711 0.448893 0.026693 0.024089
0 0.611328 0.451823 0.026042 0.022135
0 0.743815 0.467448 0.018880 0.037760
0 0.854492 0.468099 0.017578 0.032552
0 0.206055 0.505859 0.024089 0.032552
0 0.862305 0.509440 0.021484 0.031901
0 0.109701 0.516602 0.030599 0.021484
0 0.892253 0.519857 0.029297 0.029297
0 0.323242 0.540690 0.029297 0.020182
0 0.384766 0.552083 0.019531 0.033854
0 0.346680 0.579753 0.024089 0.030599
0 0.527995 0.586263 0.026042 0.029297
0 0.329102 0.603516 0.016276 0.032552
0 0.686198 0.603841 0.015625 0.031901
0 0.104818 0.600260 0.031250 0.018229
0 0.372396 0.608398 0.019531 0.029297
0 0.439779 0.672201 0.029297 0.022786
0 0.493490 0.697917 0.018229 0.032552
0 0.148112 0.706380 0.027995 0.022135
