0 0.549154 0.045247 0.017578 0.031901
0 0.632161 0.280924 0.016927 0.031901
0 0.977865 0.286133 0.031250 0.022786
0 0.961914 0.325521 0.030599 0.026042
0 0.971029 0.354492 0.022786 0.034505
0 0.661458 0.397461 0.032552 0.018880
0 0.986003 0.405924 0.027995 0.022786
0 0.805013 0.420247 0.025391 0.027995
0 0.901693 0.422852 0.026042 0.025391
0 0.854492 0.448893 0.016276 0.031901
0 0.769206 0.500326 0.024089 0.027995
0 0.703776 0.530273 0.020833 0.027995
0 0.747396 0.542969 0.026042 0.029948
0 0.947591 0.544596 0.020182 0.031901
0 0.778971 0.540039 0.029297 0.020182
0 0.844076 0.612956 0.026693 0.021484
0 0.347656 0.625977 0.016927 0.033203
