0 0.462891 0.213216 0.019531 0.030599
0 0.587240 0.261393 0.018229 0.031901
0 0.387695 0.260742 0.018880 0.029297
0 0.299479 0.266602 0.024740 0.026693
0 0.436849 0.270833 0.031250 0.020833
0 0.350260 0.276367 0.026042 0.025391
0 0.387370 0.294922 0.023438 0.031250
0 0.607747 0.292643 0.034505 0.018880
0 0.329427 0.327148 0.024740 0.026693
0 0.348307 0.346029 0.022135 0.029297
0 0.066406 0.381185 0.024740 0.026693
0 0.386393 0.378906 0.031901 0.020833
0 0.122070 0.425456 0.018880 0.033203
0 0.192057 0.431966 0.027344 0.024089
0 0.351237 0.454427 0.017578 0.032552
0 0.137370 0.487956 0.023438 0.025391
0 0.395508 0.491862 0.029297 0.018880
0 0.251628 0.509440 0.018880 0.030599
0 0.186849 0.531901 0.019531 0.027344
0 0.131510 0.543945 0.016927 0.033203
0 0.014323 0.636393 0.026042 0.022786
