0 0.293620 0.060872 0.018229 0.033203
0 0.731120 0.134766 0.029948 0.016927
0 0.522461 0.151367 0.016276 0.031901
0 0.765625 0.151042 0.029948 0.022135
0 0.636393 0.209961 0.014974 0.027995
0 0.705729 0.245117 0.029948 0.020182
0 0.686198 0.271484 0.024740 0.028646
0 0.260417 0.334310 0.031250 0.021484
0 0.041016 0.410807 0.019531 0.032552
0 0.573242 0.404948 0.030599 0.019531
0 0.982096 0.419922 0.025391 0.026042
0 0.425781 0.420898 0.027344 0.025391
0 0.233398 0.454427 0.024089 0.028646
0 0.182617 0.532878 0.020182 0.031901
0 0.476237 0.530924 0.026693 0.024089
0 0.076172 0.602539 0.027344 0.025391
0 0.341146 0.622396 0.014323 0.035156
0 0.082357 0.637370 0.026693 0.027344
