0 0.696615 0.274414 0.031250 0.018880
0 0.874674 0.310872 0.025391 0.029297
0 0.720378 0.316081 0.018880 0.033203
0 0.941406 0.381185 0.024740 0.026693
0 0.759440 0.587891 0.025391 0.029948
0 0.889323 0.636393 0.026042 0.022786
0 0.758789 0.649414 0.029297 0.020182
0 0.652344 0.668294 0.022135 0.030599
0 0.794271 0.666992 0.029948 0.026693
0 0.598958 0.684896 0.018229 0.031250
0 0.530599 0.692708 0.018229 0.027344
0 0.648438 0.714193 0.027344 0.027344
0 0.384115 0.725260 0.019531 0.032552
0 0.750000 0.739583 0.023438 0.028646
