0 0.378581 0.131836 0.026693 0.022786
0 0.474935 0.269531 0.029297 0.023438
0 0.557943 0.269531 0.031250 0.020833
0 0.469076 0.291992 0.030599 0.026693
0 0.403971 0.302409 0.026693 0.022786
0 0.419271 0.321940 0.019531 0.029297
0 0.845703 0.329427 0.028646 0.029948
0 0.883464 0.362305 0.022135 0.027995
0 0.572591 0.417318 0.017578 0.035156
0 0.902018 0.422201 0.021484 0.031901
0 0.160156 0.439128 0.031250 0.018880
0 0.971354 0.475586 0.024740 0.026693
0 0.958008 0.509440 0.026693 0.027995
0 0.718750 0.516927 0.019531 0.031250
0 0.811523 0.527669 0.020182 0.031901
0 0.952799 0.555990 0.018880 0.035156
0 0.970378 0.590169 0.027995 0.018880
0 0.562500 0.655273 0.027344 0.022786
0 0.698242 0.719401 0.026693 0.019531
0 0.888672 0.804362 0.026042 0.024089
