0 0.108073 0.112305 0.026042 0.024089
0 0.121094 0.183594 0.031250 0.019531
0 0.241211 0.217448 0.025391 0.023438
0 0.219076 0.240560 0.025391 0.027995
0 0.123047 0.291016 0.022135 0.028646
0 0.529948 0.323568 0.020833 0.027344
0 0.312826 0.343099 0.024089 0.029948
0 0.350586 0.369792 0.020182 0.031250
0 0.555339 0.390625 0.026042 0.024740
0 0.204753 0.390951 0.025391 0.020182
0 0.053060 0.391602 0.033203 0.020182
0 0.155599 0.408854 0.029948 0.018229
0 0.095703 0.419596 0.018229 0.024089
0 0.152344 0.435547 0.019531 0.031250
0 0.208333 0.464844 0.020833 0.031250
0 0.311849 0.464844 0.018229 0.031250
0 0.118815 0.496094 0.027995 0.019531
0 0.022786 0.622721 0.031250 0.024089
