0 0.971680 0.171549 0.021484 0.029297
0 0.296875 0.398112 0.024740 0.024089
0 0.819987 0.414388 0.026693 0.025391
0 0.497721 0.441081 0.018880 0.031901
0 0.990234 0.499023 0.019531 0.022786
0 0.333659 0.502604 0.026693 0.026042
0 0.013021 0.502930 0.026042 0.018880
0 0.433594 0.527669 0.020833 0.027995
0 0.430664 0.574219 0.026693 0.022135
0 0.838542 0.645508 0.029948 0.022786
0 0.594727 0.649740 0.027995 0.019531
0 0.813151 0.668294 0.018229 0.034505
0 0.434570 0.671549 0.018880 0.035807
0 0.786784 0.696289 0.027995 0.020182
0 0.234375 0.736328 0.020833 0.032552
0 0.291016 0.752279 0.028646 0.029297
0 0.782227 0.750651 0.029297 0.020833
