0 0.793620 0.060872 0.018229 0.033203
0 0.760417 0.334310 0.031250 0.021484
0 0.541016 0.410807 0.019531 0.032552
0 0.925781 0.420898 0.027344 0.025391
0 0.733398 0.454427 0.024089 0.028646
0 0.682617 0.532878 0.020182 0.031901
0 0.976237 0.530924 0.026693 0.024089
0 0.457682 0.555013 0.022135 0.031901
0 0.576172 0.602539 0.027344 0.025391
0 0.841146 0.622396 0.014323 0.035156
0 0.338542 0.634766 0.026042 0.024740
0 0.582357 0.637370 0.026693 0.027344
0 0.106771 0.642253 0.031250 0.020182
0 0.445964 0.677734 0.027344 0.016927
0 0.117839 0.748047 0.027344 0.029948
0 0.365885 0.751302 0.024740 0.033854
0 0.113932 0.828776 0.028646 0.024740
