0 0.647135 0.297852 0.023438 0.026693
0 0.368164 0.332357 0.030599 0.021484
0 0.609375 0.405273 0.019531 0.033203
0 0.430013 0.428060 0.026693 0.029297
0 0.379232 0.450521 0.021484 0.033854
0 0.430664 0.454427 0.027995 0.018229
0 0.688802 0.465820 0.026042 0.026693
0 0.719727 0.503906 0.020182 0.035156
0 0.794271 0.504883 0.019531 0.031901
0 0.596029 0.509440 0.018880 0.035807
0 0.026367 0.557943 0.029297 0.022135
0 0.624023 0.592448 0.026693 0.024740
0 0.080078 0.644206 0.019531 0.034505
0 0.379883 0.641602 0.027995 0.024089
0 0.052083 0.685872 0.020833 0.034505
0 0.480469 0.761393 0.022135 0.030599
