0 0.534505 0.099284 0.018229 0.031901
0 0.709961 0.202799 0.026693 0.021484
0 0.510091 0.226888 0.030599 0.020182
0 0.223307 0.234701 0.020833 0.029297
0 0.759440 0.256510 0.018880 0.035156
0 0.463542 0.305664 0.024740 0.029297
0 0.625977 0.307617 0.021484 0.026693
0 0.740234 0.312500 0.016927 0.035156
0 0.708984 0.308594 0.029948 0.019531
0 0.341797 0.345378 0.029948 0.024089
0 0.169271 0.351562 0.020833 0.029948
0 0.829427 0.358073 0.032552 0.020833
0 0.184896 0.376302 0.018229 0.033854
0 0.274740 0.396484 0.024740 0.028646
0 0.323893 0.398763 0.020182 0.026693
