0 0.208659 0.225911 0.025391 0.028646
0 0.765951 0.285807 0.018880 0.032552
0 0.650716 0.306966 0.021484 0.034505
0 0.942383 0.315430 0.017578 0.033203
0 0.894531 0.329427 0.026042 0.023438
0 0.348958 0.389648 0.031250 0.033203
0 0.621094 0.421549 0.027344 0.024089
0 0.086263 0.427083 0.024089 0.027344
0 0.200195 0.471680 0.029297 0.017578
0 0.857747 0.487956 0.018880 0.035807
0 0.635091 0.495443 0.030599 0.019531
0 0.350260 0.504557 0.016927 0.031250
0 0.327474 0.511719 0.023438 0.028646
0 0.330729 0.541667 0.033854 0.022135
0 0.599284 0.549479 0.029297 0.020833
0 0.981120 0.560872 0.022135 0.029297
0 0.937826 0.581055 0.017578 0.033203
0 0.388997 0.585938 0.027995 0.024740
0 0.732422 0.599935 0.024740 0.029297
0 0.129232 0.651367 0.024089 0.022786
0 0.188151 0.692383 0.026042 0.027995
0 0.480794 0.742513 0.030599 0.018880
0 0.383464 0.750977 0.027344 0.031901
