0 0.079102 0.046549 0.021484 0.027995
0 0.370768 0.073568 0.026693 0.020833
0 0.461914 0.141276 0.025391 0.019531
0 0.330404 0.152669 0.026693 0.024089
0 0.530924 0.172201 0.017578 0.035807
0 0.578776 0.229167 0.029948 0.020833
0 0.601562 0.264648 0.018229 0.027995
0 0.548503 0.275716 0.017578 0.034505
0 0.248372 0.286458 0.020182 0.027344
0 0.331380 0.323893 0.018229 0.030599
0 0.544271 0.337891 0.022135 0.031250
0 0.479492 0.362305 0.014974 0.033203
0 0.292969 0.357747 0.027344 0.022786
0 0.207682 0.365234 0.027344 0.026042
0 0.538086 0.366536 0.026693 0.018229
0 0.057617 0.381185 0.014974 0.031901
0 0.246094 0.387370 0.028646 0.019531
0 0.490560 0.400065 0.017578 0.033203
0 0.504883 0.435872 0.027995 0.026693
0 0.214518 0.444010 0.024089 0.027344
0 0.774740 0.474284 0.019531 0.026693
0 0.626302 0.505859 0.026042 0.023438
0 0.309570 0.508789 0.025391 0.027995
0 0.762695 0.556315 0.031901 0.020182
0 0.886719 0.668294 0.015625 0.034505
