0 0.574870 0.054036 0.026042 0.024740
0 0.538086 0.172852 0.033203 0.022786
0 0.729818 0.183268 0.020833 0.034505
0 0.860026 0.195964 0.027344 0.023438
0 0.932292 0.221029 0.023438 0.031901
0 0.896159 0.238932 0.021484 0.027344
0 0.972656 0.263021 0.024740 0.029948
0 0.748698 0.278320 0.019531 0.031901
0 0.881185 0.297201 0.024089 0.026693
0 0.380534 0.310872 0.021484 0.026693
0 0.755859 0.325195 0.016927 0.033203
0 0.847656 0.334635 0.015625 0.031250
0 0.884766 0.354818 0.028646 0.020833
0 0.397135 0.363932 0.016927 0.031250
0 0.834310 0.376628 0.025391 0.033203
0 0.862305 0.403646 0.018880 0.032552
0 0.735352 0.434896 0.020182 0.032552
0 0.916992 0.461914 0.018880 0.034505
0 0.900065 0.655924 0.029297 0.026693
0 0.946940 0.714844 0.031901 0.020833
