0 0.255859 0.138672 0.018229 0.032552
0 0.233724 0.143555 0.018229 0.031901
0 0.695638 0.143229 0.027995 0.018229
0 0.761068 0.152669 0.023438 0.027995
0 0.294271 0.206706 0.024740 0.026693
0 0.408203 0.202474 0.029948 0.019531
0 0.539714 0.220703 0.023438 0.027344
0 0.515951 0.258789 0.033203 0.021484
0 0.402018 0.274089 0.026693 0.023438
0 0.444010 0.289388 0.028646 0.018880
0 0.503906 0.319336 0.024740 0.026693
0 0.382487 0.336263 0.021484 0.033203
0 0.590820 0.333008 0.027995 0.027995
0 0.347005 0.361003 0.020833 0.029297
0 0.071615 0.381836 0.029948 0.020182
0 0.525716 0.528320 0.021484 0.027995
