0 0.526693 0.269206 0.018229 0.034505
0 0.805664 0.281576 0.025391 0.029297
0 0.878255 0.300781 0.029948 0.019531
0 0.717773 0.305013 0.025391 0.025391
0 0.824870 0.320312 0.023438 0.028646
0 0.697917 0.330729 0.028646 0.019531
0 0.872721 0.351237 0.030599 0.017578
0 0.359049 0.383464 0.025391 0.026042
0 0.663737 0.403320 0.026693 0.026693
0 0.566732 0.410807 0.018880 0.033854
0 0.890951 0.416992 0.026693 0.027995
0 0.270833 0.421224 0.018229 0.032552
0 0.847331 0.432943 0.021484 0.031250
0 0.651042 0.432292 0.028646 0.026042
0 0.773112 0.443359 0.025391 0.027344
0 0.449870 0.444336 0.031250 0.018880
0 0.007812 0.446940 0.015625 0.021484
0 0.664062 0.451497 0.026042 0.027995
0 0.376302 0.470703 0.020833 0.031250
0 0.464518 0.491211 0.031901 0.020182
0 0.625651 0.498372 0.028646 0.022786
0 0.585938 0.521810 0.032552 0.022786
0 0.170247 0.562174 0.024089 0.025391
0 0.095378 0.590820 0.022786 0.024089
0 0.223633 0.609049 0.027995 0.026693
0 0.084310 0.623047 0.026693 0.026042
0 0.142253 0.630208 0.029297 0.020833
0 0.139323 0.654948 0.032552 0.020833
