0 0.804036 0.309570 0.023438 0.027995
0 0.940430 0.350260 0.021484 0.028646
0 0.828125 0.436198 0.028646 0.022135
0 0.540039 0.465169 0.024089 0.030599
0 0.526042 0.477539 0.022135 0.029297
0 0.793620 0.483073 0.020833 0.035156
0 0.839844 0.493490 0.027344 0.023438
0 0.762695 0.506510 0.021484 0.029948
0 0.882487 0.507487 0.030599 0.022786
0 0.568034 0.520508 0.029297 0.021484
0 0.702148 0.524414 0.024089 0.027995
0 0.309570 0.545573 0.029297 0.020833
0 0.603190 0.561849 0.027995 0.023438
0 0.453776 0.565755 0.026042 0.019531
0 0.090820 0.580729 0.017578 0.033854
0 0.488607 0.594727 0.025391 0.030599
0 0.187826 0.601888 0.018880 0.031901
0 0.643555 0.621419 0.026693 0.025391
0 0.568685 0.627604 0.016276 0.031250
0 0.500000 0.647786 0.019531 0.032552
0 0.626953 0.646159 0.029948 0.024089
0 0.499023 0.701823 0.024089 0.027344
0 0.529948 0.705404 0.028646 0.025391
0 0.396484 0.740885 0.032552 0.022135
0 0.144531 0.833984 0.015625 0.031250
0 0.233398 0.838867 0.029297 0.017578
