0 0.483073 0.112305 0.026042 0.024089
0 0.496094 0.183594 0.031250 0.019531
0 0.616211 0.217448 0.025391 0.023438
0 0.594076 0.240560 0.025391 0.027995
0 0.148438 0.275065 0.016927 0.035807
0 0.498047 0.291016 0.022135 0.028646
0 0.904948 0.323568 0.020833 0.027344
0 0.359375 0.328776 0.031250 0.022135
0 0.687826 0.343099 0.024089 0.029948
0 0.725586 0.369792 0.020182 0.031250
0 0.930339 0.390625 0.026042 0.024740
0 0.579753 0.390951 0.025391 0.020182
0 0.428060 0.391602 0.033203 0.020182
0 0.273438 0.412109 0.014323 0.032552
0 0.530599 0.408854 0.029948 0.018229
0 0.470703 0.419596 0.018229 0.024089
0 0.527344 0.435547 0.019531 0.031250
0 0.583333 0.464844 0.020833 0.031250
0 0.686849 0.464844 0.018229 0.031250
0 0.493815 0.496094 0.027995 0.019531
0 0.397786 0.622721 0.031250 0.024089
