0 0.370768 0.060547 0.016276 0.031250
0 0.012370 0.138997 0.020833 0.029297
0 0.013997 0.183268 0.027995 0.024089
0 0.046549 0.245443 0.027995 0.024740
0 0.197266 0.262044 0.018229 0.033203
0 0.325195 0.275716 0.029297 0.026693
0 0.402995 0.293945 0.029948 0.021484
0 0.398438 0.324544 0.023438 0.022786
0 0.277344 0.385742 0.019531 0.034505
0 0.172526 0.423828 0.016927 0.032552
0 0.236328 0.451823 0.027344 0.022135
0 0.397786 0.485026 0.031250 0.019531
0 0.094076 0.535482 0.029297 0.021484
0 0.008464 0.690104 0.016927 0.020833
