1 0.948242 0.198568 0.027995 0.026042
1 0.434245 0.201823 0.028646 0.023438
1 0.698568 0.251628 0.032552 0.022786
1 0.779622 0.264974 0.029297 0.027344
1 0.947591 0.276367 0.022786 0.029297
1 0.350260 0.291016 0.032552 0.019531
1 0.755859 0.326497 0.015625 0.018880
1 0.342773 0.347331 0.020182 0.034505
1 0.067708 0.414062 0.024740 0.027344
1 0.860026 0.438477 0.019531 0.037109
1 0.345052 0.446289 0.028646 0.022786
1 0.071940 0.449544 0.021484 0.026693
1 0.513997 0.474284 0.026693 0.029297
1 0.800781 0.487630 0.028646 0.016927
1 0.831055 0.497721 0.026693 0.021484
1 0.058594 0.558594 0.018229 0.033854
