0 0.870768 0.060547 0.016276 0.031250
0 0.512370 0.138997 0.020833 0.029297
0 0.513672 0.183268 0.028646 0.024089
0 0.485352 0.240234 0.025391 0.026042
0 0.546549 0.245443 0.027995 0.024740
0 0.697266 0.262044 0.018229 0.033203
0 0.825195 0.275716 0.029297 0.026693
0 0.902995 0.293945 0.029948 0.021484
0 0.898438 0.324544 0.023438 0.022786
0 0.777344 0.385742 0.019531 0.034505
0 0.672526 0.423828 0.016927 0.032552
0 0.142904 0.440430 0.016276 0.030599
0 0.736328 0.451823 0.027344 0.022135
0 0.897786 0.485026 0.031250 0.019531
0 0.594076 0.535482 0.029297 0.021484
0 0.501302 0.689779 0.031250 0.021484
0 0.044596 0.696940 0.018880 0.033203
0 0.398112 0.707357 0.020182 0.031901
0 0.073893 0.714518 0.016276 0.031901
0 0.230143 0.707682 0.030599 0.019531
0 0.426432 0.717122 0.028646 0.021484
