0 0.767578 0.295247 0.023438 0.022786
0 0.461589 0.307292 0.019531 0.036458
0 0.741536 0.328451 0.027344 0.022786
0 0.455729 0.337565 0.024740 0.026693
0 0.305664 0.357096 0.030599 0.022786
0 0.673828 0.383138 0.018229 0.030599
0 0.586263 0.378581 0.029297 0.018880
0 0.617839 0.406576 0.027344 0.021484
0 0.323568 0.431315 0.020833 0.029297
0 0.587240 0.430013 0.031250 0.026693
0 0.354818 0.439453 0.031250 0.023438
0 0.451497 0.444661 0.026693 0.022135
0 0.553711 0.448893 0.026693 0.024089
0 0.486328 0.451823 0.026042 0.022135
0 0.618815 0.467448 0.018880 0.037760
0 0.729492 0.468099 0.017578 0.032552
0 0.081055 0.505859 0.024089 0.032552
0 0.737305 0.509440 0.021484 0.031901
0 0.767253 0.519857 0.029297 0.029297
0 0.198242 0.540690 0.029297 0.020182
0 0.259766 0.552083 0.019531 0.033854
0 0.221680 0.579753 0.024089 0.030599
0 0.402995 0.586263 0.026042 0.029297
0 0.204102 0.603516 0.016276 0.032552
0 0.561198 0.603841 0.015625 0.031901
0 0.247396 0.608398 0.019531 0.029297
0 0.314779 0.672201 0.029297 0.022786
0 0.368490 0.697917 0.018229 0.032552
0 0.023112 0.706380 0.027995 0.022135
