1 0.584635 0.224935 0.023438 0.021484
1 0.104492 0.231445 0.031901 0.022786
1 0.662760 0.256510 0.018229 0.033854
1 0.616862 0.260417 0.029297 0.027344
1 0.748047 0.326497 0.032552 0.020182
1 0.916016 0.338867 0.033854 0.022786
1 0.385742 0.421549 0.030599 0.020182
1 0.939128 0.431966 0.027995 0.018880
1 0.360677 0.445312 0.026042 0.022135
1 0.028971 0.498047 0.025391 0.035156
1 0.983398 0.539062 0.021484 0.033854
1 0.647135 0.542318 0.029948 0.019531
1 0.894206 0.547852 0.029297 0.029297
1 0.539714 0.555013 0.015625 0.018880
1 0.312500 0.569336 0.018229 0.031901
1 0.203451 0.587891 0.026693 0.028646
1 0.400391 0.714844 0.022135 0.031250
