0 0.962891 0.213216 0.019531 0.030599
0 0.887695 0.260742 0.018880 0.029297
0 0.799479 0.266602 0.024740 0.026693
0 0.936849 0.270833 0.031250 0.020833
0 0.850260 0.276367 0.026042 0.025391
0 0.321615 0.274414 0.031250 0.018880
0 0.887370 0.294922 0.023438 0.031250
0 0.499674 0.310872 0.025391 0.029297
0 0.345378 0.316081 0.018880 0.033203
0 0.829427 0.327148 0.024740 0.026693
0 0.848307 0.346029 0.022135 0.029297
0 0.566406 0.381185 0.024740 0.026693
0 0.886393 0.378906 0.031901 0.020833
0 0.622070 0.425456 0.018880 0.033203
0 0.692057 0.431966 0.027344 0.024089
0 0.851237 0.454427 0.017578 0.032552
0 0.637370 0.487956 0.023438 0.025391
0 0.895508 0.491862 0.029297 0.018880
0 0.751628 0.509440 0.018880 0.030599
0 0.686849 0.531901 0.019531 0.027344
0 0.631510 0.543945 0.016927 0.033203
0 0.384440 0.587891 0.025391 0.029948
0 0.514323 0.636393 0.026042 0.022786
0 0.383789 0.649414 0.029297 0.020182
0 0.277344 0.668294 0.022135 0.030599
0 0.419271 0.666992 0.029948 0.026693
0 0.223958 0.684896 0.018229 0.031250
0 0.155599 0.692708 0.018229 0.027344
0 0.273438 0.714193 0.027344 0.027344
0 0.009440 0.725260 0.018880 0.032552
0 0.375000 0.739583 0.023438 0.028646
