0 0.901693 0.269206 0.018229 0.034505
0 0.239258 0.355143 0.026693 0.018880
0 0.734049 0.383464 0.025391 0.026042
0 0.941732 0.410807 0.018880 0.033854
0 0.645833 0.421224 0.018229 0.032552
0 0.824870 0.444336 0.031250 0.018880
0 0.375651 0.446940 0.029948 0.021484
0 0.751302 0.470703 0.020833 0.031250
0 0.839518 0.491211 0.031901 0.020182
0 0.993164 0.499674 0.013672 0.020182
0 0.960938 0.521810 0.032552 0.022786
0 0.545247 0.562174 0.024089 0.025391
0 0.236003 0.590820 0.024089 0.030599
0 0.470378 0.590820 0.022786 0.024089
0 0.598633 0.609049 0.027995 0.026693
0 0.459310 0.623047 0.026693 0.026042
0 0.517253 0.630208 0.029297 0.020833
0 0.514323 0.654948 0.032552 0.020833
0 0.188802 0.767578 0.026042 0.023438
