0 0.668620 0.060872 0.018229 0.033203
0 0.897461 0.151367 0.016276 0.031901
0 0.635417 0.334310 0.031250 0.021484
0 0.416016 0.410807 0.019531 0.032552
0 0.948242 0.404948 0.030599 0.019531
0 0.800781 0.420898 0.027344 0.025391
0 0.608398 0.454427 0.024089 0.028646
0 0.557617 0.532878 0.020182 0.031901
0 0.851237 0.530924 0.026693 0.024089
0 0.332682 0.555013 0.022135 0.031901
0 0.451172 0.602539 0.027344 0.025391
0 0.716146 0.622396 0.014323 0.035156
0 0.213542 0.634766 0.026042 0.024740
0 0.457357 0.637370 0.026693 0.027344
0 0.320964 0.677734 0.027344 0.016927
0 0.240885 0.751302 0.024740 0.033854
