1 0.309245 0.221354 0.028646 0.026042
1 0.648438 0.273763 0.018229 0.033203
1 0.412760 0.321615 0.028646 0.020833
1 0.983073 0.339193 0.018229 0.033854
1 0.683919 0.366862 0.022786 0.038411
1 0.715169 0.386719 0.017578 0.026042
1 0.362630 0.415039 0.024740 0.020182
1 0.699544 0.442057 0.027995 0.022135
1 0.112305 0.454102 0.021484 0.034505
1 0.280924 0.461589 0.017578 0.033854
1 0.755534 0.494466 0.030599 0.018880
1 0.721680 0.506185 0.018880 0.034505
1 0.171224 0.530273 0.015625 0.035807
1 0.715169 0.563151 0.021484 0.029948
1 0.962565 0.643880 0.026693 0.024740
1 0.895182 0.681315 0.019531 0.031901
