1 0.545247 0.064128 0.022786 0.026693
1 0.346680 0.069336 0.025391 0.022786
1 0.850260 0.130534 0.019531 0.034505
1 0.033854 0.141276 0.027344 0.032552
1 0.354492 0.212565 0.022786 0.030599
1 0.672526 0.247070 0.029948 0.021484
1 0.445638 0.252279 0.029297 0.021484
1 0.019206 0.261393 0.025391 0.026693
1 0.700521 0.260417 0.029948 0.018229
1 0.506510 0.296224 0.026042 0.026042
1 0.278971 0.302083 0.022786 0.024740
1 0.632812 0.336263 0.024740 0.033203
1 0.502930 0.477539 0.029297 0.026693
1 0.117513 0.888672 0.029297 0.020833
