1 0.148438 0.273763 0.018229 0.033203
1 0.509115 0.326497 0.028646 0.021484
1 0.483073 0.339193 0.018229 0.033854
1 0.183919 0.366862 0.022786 0.038411
1 0.626953 0.376953 0.028646 0.027344
1 0.215169 0.386719 0.017578 0.026042
1 0.199544 0.442057 0.027995 0.022135
1 0.506836 0.492513 0.018880 0.031901
1 0.255534 0.494466 0.030599 0.018880
1 0.221680 0.506185 0.018880 0.034505
1 0.215169 0.563151 0.021484 0.029948
1 0.874023 0.607096 0.026693 0.018880
1 0.462565 0.643880 0.026693 0.024740
1 0.395182 0.681315 0.019531 0.031901
