0 0.851562 0.166341 0.016927 0.033203
0 0.826497 0.231771 0.018880 0.027344
0 0.679362 0.238607 0.027995 0.020182
0 0.926107 0.254883 0.029297 0.027995
0 0.923828 0.322266 0.029948 0.020833
0 0.990885 0.331380 0.018229 0.022135
0 0.928060 0.389648 0.021484 0.027995
0 0.828776 0.403320 0.020833 0.034505
0 0.834961 0.434896 0.024089 0.027344
0 0.658203 0.481120 0.024740 0.026042
0 0.317708 0.506185 0.024740 0.025391
0 0.588867 0.513672 0.020182 0.032552
0 0.888997 0.562500 0.020182 0.032552
0 0.384440 0.580729 0.016276 0.032552
0 0.134440 0.615885 0.016276 0.031250
0 0.156901 0.632161 0.027344 0.023438
0 0.475260 0.648438 0.026042 0.027344
0 0.514648 0.651042 0.027995 0.026042
0 0.368490 0.678711 0.026042 0.029297
0 0.023438 0.684896 0.014323 0.032552
0 0.326172 0.685547 0.027344 0.020833
0 0.236979 0.722982 0.031250 0.020182
0 0.256185 0.764648 0.030599 0.025391
0 0.182617 0.787435 0.029297 0.020182
0 0.364258 0.811198 0.029297 0.019531
