1 0.795247 0.064128 0.022786 0.026693
1 0.596680 0.069336 0.025391 0.022786
1 0.283854 0.141276 0.027344 0.032552
1 0.604492 0.212565 0.022786 0.030599
1 0.922526 0.247070 0.029948 0.021484
1 0.695638 0.252279 0.029297 0.021484
1 0.269206 0.261393 0.025391 0.026693
1 0.950521 0.260417 0.029948 0.018229
1 0.756510 0.296224 0.026042 0.026042
1 0.528971 0.302083 0.022786 0.024740
1 0.093750 0.311198 0.020833 0.036458
1 0.882812 0.336263 0.024740 0.033203
1 0.752930 0.477539 0.029297 0.026693
1 0.367513 0.888672 0.029297 0.020833
