0 0.265951 0.285807 0.018880 0.032552
0 0.744792 0.296875 0.031250 0.020833
0 0.150716 0.306966 0.021484 0.034505
0 0.442383 0.315430 0.017578 0.033203
0 0.394531 0.329427 0.026042 0.023438
0 0.121094 0.421549 0.027344 0.024089
0 0.571940 0.431641 0.016276 0.032552
0 0.357747 0.487956 0.018880 0.035807
0 0.135091 0.495443 0.030599 0.019531
0 0.934896 0.546224 0.028646 0.018229
0 0.099284 0.549479 0.029297 0.020833
0 0.481120 0.560872 0.022135 0.029297
0 0.614909 0.566081 0.018880 0.034505
0 0.437826 0.581055 0.017578 0.033203
0 0.232422 0.599935 0.024740 0.029297
