1 0.589193 0.167643 0.022135 0.026693
1 0.963542 0.179036 0.018229 0.036458
1 0.448242 0.198568 0.027995 0.026042
1 0.198568 0.251628 0.032552 0.022786
1 0.279622 0.264974 0.029297 0.027344
1 0.447591 0.276367 0.022786 0.029297
1 0.255859 0.326497 0.015625 0.018880
1 0.775065 0.398438 0.021484 0.032552
1 0.360026 0.438477 0.019531 0.037109
1 0.013997 0.474284 0.026693 0.029297
1 0.973307 0.480143 0.027344 0.024089
1 0.300781 0.487630 0.028646 0.016927
1 0.331055 0.497721 0.026693 0.021484
1 0.700521 0.525065 0.016927 0.029297
1 0.875326 0.527344 0.025391 0.026042
