0 0.929036 0.309570 0.023438 0.027995
0 0.953125 0.436198 0.028646 0.022135
0 0.665039 0.465169 0.024089 0.030599
0 0.651042 0.477539 0.022135 0.029297
0 0.918620 0.483073 0.020833 0.035156
0 0.964844 0.493490 0.027344 0.023438
0 0.887695 0.506510 0.021484 0.029948
0 0.693034 0.520508 0.029297 0.021484
0 0.827148 0.524414 0.024089 0.027995
0 0.434570 0.545573 0.029297 0.020833
0 0.728190 0.561849 0.027995 0.023438
0 0.578776 0.565755 0.026042 0.019531
0 0.215820 0.580729 0.017578 0.033854
0 0.613607 0.594727 0.025391 0.030599
0 0.312826 0.601888 0.018880 0.031901
0 0.768555 0.621419 0.026693 0.025391
0 0.693685 0.627604 0.016276 0.031250
0 0.625000 0.647786 0.019531 0.032552
0 0.751953 0.646159 0.029948 0.024089
0 0.624023 0.701823 0.024089 0.027344
0 0.654948 0.705404 0.028646 0.025391
0 0.521484 0.740885 0.032552 0.022135
0 0.269531 0.833984 0.015625 0.031250
0 0.358398 0.838867 0.029297 0.017578
