0 0.949544 0.293945 0.029297 0.020182
0 0.554036 0.309570 0.023438 0.027995
0 0.690430 0.350260 0.021484 0.028646
0 0.816732 0.421875 0.027995 0.031250
0 0.578125 0.436198 0.028646 0.022135
0 0.290039 0.465169 0.024089 0.030599
0 0.276042 0.477539 0.022135 0.029297
0 0.543620 0.483073 0.020833 0.035156
0 0.589844 0.493490 0.027344 0.023438
0 0.512695 0.506510 0.021484 0.029948
0 0.632487 0.507487 0.030599 0.022786
0 0.318034 0.520508 0.029297 0.021484
0 0.452148 0.524414 0.024089 0.027995
0 0.059570 0.545573 0.029297 0.020833
0 0.353190 0.561849 0.027995 0.023438
0 0.203776 0.565755 0.026042 0.019531
0 0.238607 0.594727 0.025391 0.030599
0 0.393555 0.621419 0.026693 0.025391
0 0.318685 0.627604 0.016276 0.031250
0 0.250000 0.647786 0.019531 0.032552
0 0.376953 0.646159 0.029948 0.024089
0 0.249023 0.701823 0.024089 0.027344
0 0.279948 0.705404 0.028646 0.025391
0 0.146484 0.740885 0.032552 0.022135
