0 0.236328 0.288086 0.019531 0.031901
0 0.675130 0.290039 0.019531 0.030599
0 0.686198 0.312826 0.026042 0.024089
0 0.660807 0.323568 0.016927 0.029948
0 0.577148 0.329427 0.030599 0.026042
0 0.682292 0.350911 0.024740 0.026042
0 0.651693 0.359701 0.027344 0.022786
0 0.558919 0.363281 0.029297 0.019531
0 0.590169 0.366211 0.030599 0.021484
0 0.602539 0.386393 0.030599 0.020182
0 0.624674 0.408529 0.018880 0.030599
0 0.596029 0.418945 0.020182 0.033203
0 0.376302 0.455404 0.018229 0.033203
0 0.519206 0.467122 0.030599 0.020182
0 0.582357 0.470378 0.030599 0.021484
0 0.365234 0.565430 0.018229 0.037109
0 0.751953 0.652669 0.031250 0.018880
0 0.206055 0.705729 0.030599 0.018229
