0 0.515951 0.285807 0.018880 0.032552
0 0.989583 0.296875 0.020833 0.020833
0 0.400716 0.306966 0.021484 0.034505
0 0.692383 0.315430 0.017578 0.033203
0 0.644531 0.329427 0.026042 0.023438
0 0.098958 0.389648 0.031250 0.033203
0 0.371094 0.421549 0.027344 0.024089
0 0.821940 0.431641 0.016276 0.032552
0 0.607747 0.487956 0.018880 0.035807
0 0.385091 0.495443 0.030599 0.019531
0 0.100260 0.504557 0.016927 0.031250
0 0.077474 0.511719 0.023438 0.028646
0 0.080729 0.541667 0.033854 0.022135
0 0.349284 0.549479 0.029297 0.020833
0 0.731120 0.560872 0.022135 0.029297
0 0.864909 0.566081 0.018880 0.034505
0 0.687826 0.581055 0.017578 0.033203
0 0.138997 0.585938 0.027995 0.024740
0 0.482422 0.599935 0.024740 0.029297
0 0.230794 0.742513 0.030599 0.018880
0 0.133464 0.750977 0.027344 0.031901
