0 0.583659 0.225911 0.025391 0.028646
0 0.723958 0.389648 0.031250 0.033203
0 0.317057 0.416016 0.019531 0.035156
0 0.991211 0.421224 0.017578 0.023438
0 0.461263 0.427083 0.024089 0.027344
0 0.296875 0.449544 0.028646 0.022786
0 0.575195 0.471680 0.029297 0.017578
0 0.725260 0.504557 0.016927 0.031250
0 0.702474 0.511719 0.023438 0.028646
0 0.705729 0.541667 0.033854 0.022135
0 0.974284 0.549479 0.029297 0.020833
0 0.763997 0.585938 0.027995 0.024740
0 0.504232 0.651367 0.024089 0.022786
0 0.563151 0.692383 0.026042 0.027995
0 0.855794 0.742513 0.030599 0.018880
0 0.758464 0.750977 0.027344 0.031901
