0 0.787109 0.077799 0.024740 0.025391
0 0.939779 0.155273 0.024089 0.031901
0 0.845378 0.205729 0.031901 0.020833
0 0.965820 0.209310 0.026693 0.022786
0 0.643229 0.217122 0.018229 0.031901
0 0.493490 0.291667 0.026042 0.023438
0 0.893555 0.303711 0.030599 0.020182
0 0.759766 0.336263 0.015625 0.033203
0 0.897786 0.340495 0.029948 0.022135
0 0.683594 0.350260 0.024740 0.026042
0 0.954102 0.367513 0.024089 0.026693
0 0.534505 0.378906 0.020833 0.032552
0 0.843099 0.381510 0.029948 0.020833
0 0.718099 0.418294 0.019531 0.033203
0 0.257161 0.419596 0.016927 0.033203
0 0.654622 0.415039 0.031901 0.020182
0 0.558919 0.447591 0.018880 0.030599
0 0.803385 0.444336 0.026042 0.022786
0 0.590169 0.459961 0.018880 0.035807
0 0.753255 0.514974 0.019531 0.033854
0 0.593750 0.531250 0.024740 0.026042
0 0.652995 0.660156 0.026042 0.027344
