0 0.476562 0.166341 0.016927 0.033203
0 0.451497 0.231771 0.018880 0.027344
0 0.304362 0.238607 0.027995 0.020182
0 0.551107 0.254883 0.029297 0.027995
0 0.689779 0.320964 0.027995 0.026042
0 0.548828 0.322266 0.029948 0.020833
0 0.619792 0.331380 0.026042 0.022135
0 0.553060 0.389648 0.021484 0.027995
0 0.453776 0.403320 0.020833 0.034505
0 0.459961 0.434896 0.024089 0.027344
0 0.283203 0.481120 0.024740 0.026042
0 0.213867 0.513672 0.020182 0.032552
0 0.513997 0.562500 0.020182 0.032552
0 0.009440 0.580729 0.016276 0.032552
0 0.100260 0.648438 0.026042 0.027344
0 0.139648 0.651042 0.027995 0.026042
