0 0.218424 0.238281 0.031901 0.023438
0 0.045247 0.302734 0.030599 0.019531
0 0.047852 0.335938 0.020182 0.031250
0 0.743164 0.332357 0.030599 0.021484
0 0.014323 0.386719 0.018229 0.031250
0 0.984375 0.405273 0.019531 0.033203
0 0.805013 0.428060 0.026693 0.029297
0 0.754232 0.450521 0.021484 0.033854
0 0.805664 0.454427 0.027995 0.018229
0 0.282227 0.464193 0.026693 0.027344
0 0.971029 0.509440 0.018880 0.035807
0 0.148112 0.562500 0.017578 0.029948
0 0.401367 0.557943 0.029297 0.022135
0 0.123698 0.579427 0.019531 0.033854
0 0.992839 0.593099 0.014323 0.023438
0 0.350911 0.607096 0.027344 0.025391
0 0.455078 0.644206 0.019531 0.034505
0 0.754883 0.641602 0.027995 0.024089
0 0.152018 0.677083 0.029297 0.023438
0 0.427083 0.685872 0.020833 0.034505
0 0.855469 0.761393 0.022135 0.030599
