1 0.175456 0.058594 0.021484 0.033854
1 0.654948 0.076497 0.026042 0.024089
1 0.434245 0.110677 0.018229 0.036458
1 0.194010 0.142253 0.018229 0.030599
1 0.719076 0.243490 0.030599 0.022135
1 0.415365 0.288411 0.026042 0.023438
1 0.261719 0.319661 0.028646 0.026042
1 0.117188 0.344401 0.019531 0.035156
1 0.090495 0.344727 0.026042 0.026693
1 0.023438 0.382812 0.018229 0.019531
1 0.770508 0.461589 0.018880 0.035156
1 0.793945 0.467448 0.017578 0.031250
1 0.210938 0.533529 0.029948 0.024089
1 0.498047 0.721029 0.022135 0.027995
