0 0.776693 0.269206 0.018229 0.034505
0 0.967773 0.305013 0.025391 0.025391
0 0.947917 0.330729 0.028646 0.019531
0 0.114258 0.355143 0.026693 0.018880
0 0.609049 0.383464 0.025391 0.026042
0 0.913737 0.403320 0.026693 0.026693
0 0.816732 0.410807 0.018880 0.033854
0 0.520833 0.421224 0.018229 0.032552
0 0.901042 0.432292 0.028646 0.026042
0 0.699870 0.444336 0.031250 0.018880
0 0.250651 0.446940 0.029948 0.021484
0 0.914062 0.451497 0.026042 0.027995
0 0.626302 0.470703 0.020833 0.031250
0 0.714518 0.491211 0.031901 0.020182
0 0.875651 0.498372 0.028646 0.022786
0 0.835938 0.521810 0.032552 0.022786
0 0.420247 0.562174 0.024089 0.025391
0 0.111003 0.590820 0.024089 0.030599
0 0.345378 0.590820 0.022786 0.024089
0 0.473633 0.609049 0.027995 0.026693
0 0.334310 0.623047 0.026693 0.026042
0 0.392253 0.630208 0.029297 0.020833
0 0.389323 0.654948 0.032552 0.020833
0 0.063802 0.767578 0.026042 0.023438
