1 0.059245 0.221354 0.028646 0.026042
1 0.398438 0.273763 0.018229 0.033203
1 0.162760 0.321615 0.028646 0.020833
1 0.759115 0.326497 0.028646 0.021484
1 0.733073 0.339193 0.018229 0.033854
1 0.433919 0.366862 0.022786 0.038411
1 0.876953 0.376953 0.028646 0.027344
1 0.465169 0.386719 0.017578 0.026042
1 0.112630 0.415039 0.024740 0.020182
1 0.449544 0.442057 0.027995 0.022135
1 0.030924 0.461589 0.017578 0.033854
1 0.756836 0.492513 0.018880 0.031901
1 0.505534 0.494466 0.030599 0.018880
1 0.471680 0.506185 0.018880 0.034505
1 0.465169 0.563151 0.021484 0.029948
1 0.712565 0.643880 0.026693 0.024740
1 0.645182 0.681315 0.019531 0.031901
