1 0.839193 0.167643 0.022135 0.026693
1 0.698242 0.198568 0.027995 0.026042
1 0.184245 0.201823 0.028646 0.023438
1 0.448568 0.251628 0.032552 0.022786
1 0.529622 0.264974 0.029297 0.027344
1 0.697591 0.276367 0.022786 0.029297
1 0.100260 0.291016 0.032552 0.019531
1 0.505859 0.326497 0.015625 0.018880
1 0.092773 0.347331 0.020182 0.034505
1 0.610026 0.438477 0.019531 0.037109
1 0.095052 0.446289 0.028646 0.022786
1 0.263997 0.474284 0.026693 0.029297
1 0.550781 0.487630 0.028646 0.016927
1 0.581055 0.497721 0.026693 0.021484
1 0.950521 0.525065 0.016927 0.029297
