0 0.428385 0.205078 0.018229 0.032552
0 0.554036 0.237305 0.022135 0.029297
0 0.340820 0.277995 0.030599 0.020833
0 0.243490 0.298503 0.022135 0.029297
0 0.338216 0.303060 0.027995 0.021484
0 0.372396 0.305664 0.018229 0.027995
0 0.339193 0.338542 0.019531 0.035156
0 0.362630 0.347331 0.020833 0.033203
0 0.164714 0.349609 0.023438 0.024740
0 0.279297 0.361654 0.022135 0.033203
0 0.199544 0.373047 0.027995 0.027344
0 0.258789 0.381836 0.017578 0.031901
0 0.283854 0.400716 0.031250 0.017578
0 0.311198 0.413737 0.026042 0.026693
0 0.176758 0.417969 0.029297 0.027344
0 0.078776 0.447266 0.023438 0.024740
0 0.137695 0.505859 0.024089 0.026042
0 0.034180 0.520182 0.018880 0.032552
0 0.187174 0.513672 0.030599 0.018229
0 0.135742 0.538411 0.020182 0.032552
0 0.114909 0.556641 0.030599 0.018229
0 0.126628 0.587240 0.021484 0.029948
