0 0.130859 0.138672 0.018229 0.032552
0 0.108724 0.143555 0.018229 0.031901
0 0.570638 0.143229 0.027995 0.018229
0 0.636068 0.152669 0.023438 0.027995
0 0.169271 0.206706 0.024740 0.026693
0 0.283203 0.202474 0.029948 0.019531
0 0.414714 0.220703 0.023438 0.027344
0 0.390951 0.258789 0.033203 0.021484
0 0.277018 0.274089 0.026693 0.023438
0 0.319010 0.289388 0.028646 0.018880
0 0.378906 0.319336 0.024740 0.026693
0 0.257487 0.336263 0.021484 0.033203
0 0.465820 0.333008 0.027995 0.027995
0 0.222005 0.361003 0.020833 0.029297
0 0.400716 0.528320 0.021484 0.027995
